Stopping power dEdx from Ionisation for kaon- Z = 0 in G4_Si, process name: hIoni
E [MeV]	dEdx [MeV/mm]
0.001	6.92952
0.00100577	6.9495
0.00101158	6.96953
0.00101742	6.98962
0.00102329	7.00976
0.0010292	7.02997
0.00103514	7.05023
0.00104112	7.07055
0.00104713	7.09093
0.00105317	7.11137
0.00105925	7.13187
0.00106537	7.15243
0.00107152	7.17304
0.00107771	7.19372
0.00108393	7.21445
0.00109018	7.23525
0.00109648	7.2561
0.00110281	7.27702
0.00110917	7.29799
0.00111558	7.31903
0.00112202	7.34012
0.0011285	7.36128
0.00113501	7.3825
0.00114156	7.40378
0.00114815	7.42512
0.00115478	7.44652
0.00116145	7.46798
0.00116815	7.48951
0.0011749	7.5111
0.00118168	7.53275
0.0011885	7.55446
0.00119536	7.57623
0.00120226	7.59807
0.00120921	7.61997
0.00121619	7.64194
0.00122321	7.66396
0.00123027	7.68605
0.00123737	7.70821
0.00124451	7.73043
0.0012517	7.75271
0.00125893	7.77505
0.00126619	7.79746
0.0012735	7.81994
0.00128086	7.84248
0.00128825	7.86509
0.00129569	7.88776
0.00130317	7.91049
0.00131069	7.93329
0.00131826	7.95616
0.00132587	7.97909
0.00133352	8.00209
0.00134122	8.02516
0.00134896	8.04829
0.00135675	8.07148
0.00136458	8.09475
0.00137246	8.11808
0.00138038	8.14148
0.00138835	8.16495
0.00139637	8.18848
0.00140443	8.21208
0.00141254	8.23576
0.00142069	8.25949
0.00142889	8.2833
0.00143714	8.30718
0.00144544	8.33112
0.00145378	8.35513
0.00146218	8.37922
0.00147062	8.40337
0.00147911	8.42759
0.00148765	8.45188
0.00149624	8.47624
0.00150487	8.50068
0.00151356	8.52518
0.0015223	8.54975
0.00153109	8.57439
0.00153993	8.59911
0.00154882	8.62389
0.00155776	8.64875
0.00156675	8.67368
0.0015758	8.69868
0.00158489	8.72375
0.00159404	8.7489
0.00160325	8.77412
0.0016125	8.79941
0.00162181	8.82477
0.00163117	8.85021
0.00164059	8.87572
0.00165006	8.9013
0.00165959	8.92696
0.00166917	8.95269
0.0016788	8.97849
0.0016885	9.00437
0.00169824	9.03033
0.00170805	9.05635
0.00171791	9.08246
0.00172783	9.10864
0.0017378	9.13489
0.00174783	9.16122
0.00175792	9.18763
0.00176807	9.21411
0.00177828	9.24067
0.00178855	9.2673
0.00179887	9.29402
0.00180926	9.32081
0.0018197	9.34767
0.00183021	9.37461
0.00184077	9.40164
0.0018514	9.42874
0.00186209	9.45591
0.00187284	9.48317
0.00188365	9.5105
0.00189452	9.53791
0.00190546	9.56541
0.00191646	9.59298
0.00192752	9.62063
0.00193865	9.64836
0.00194984	9.67617
0.0019611	9.70406
0.00197242	9.73203
0.00198381	9.76008
0.00199526	9.78821
0.00200678	9.81643
0.00201837	9.84472
0.00203002	9.8731
0.00204174	9.90156
0.00205353	9.9301
0.00206538	9.95872
0.0020773	9.98742
0.0020893	10.0162
0.00210136	10.0451
0.00211349	10.074
0.00212569	10.1031
0.00213796	10.1322
0.0021503	10.1614
0.00216272	10.1907
0.0021752	10.2201
0.00218776	10.2495
0.00220039	10.2791
0.00221309	10.3087
0.00222587	10.3384
0.00223872	10.3682
0.00225165	10.3981
0.00226464	10.4281
0.00227772	10.4581
0.00229087	10.4883
0.00230409	10.5185
0.00231739	10.5488
0.00233077	10.5792
0.00234423	10.6097
0.00235776	10.6403
0.00237137	10.671
0.00238506	10.7017
0.00239883	10.7326
0.00241268	10.7635
0.00242661	10.7945
0.00244062	10.8256
0.00245471	10.8568
0.00246888	10.8881
0.00248313	10.9195
0.00249747	10.951
0.00251189	10.9826
0.00252639	11.0142
0.00254097	11.046
0.00255564	11.0778
0.0025704	11.1097
0.00258523	11.1418
0.00260016	11.1739
0.00261517	11.2061
0.00263027	11.2384
0.00264545	11.3833
0.00266073	11.5316
0.00267609	11.6792
0.00269153	11.8263
0.00270707	11.9728
0.0027227	12.1187
0.00273842	12.2641
0.00275423	12.4089
0.00277013	12.5532
0.00278612	12.697
0.00280221	12.8403
0.00281838	12.983
0.00283465	13.1253
0.00285102	13.2423
0.00286748	13.3459
0.00288403	13.4772
0.00290068	13.7271
0.00291743	13.9745
0.00293427	14.2195
0.00295121	14.462
0.00296825	14.7022
0.00298538	14.9401
0.00300262	15.1757
0.00301995	15.409
0.00303739	15.6401
0.00305492	15.869
0.00307256	16.0958
0.0030903	16.3204
0.00310814	16.543
0.00312608	16.7635
0.00314413	16.982
0.00316228	17.1985
0.00318053	17.4131
0.0031989	17.6257
0.00321736	17.8364
0.00323594	18.0453
0.00325462	18.1671
0.00327341	18.256
0.0032923	18.3446
0.00331131	18.4329
0.00333043	18.5208
0.00334965	18.6085
0.00336899	18.6958
0.00338844	18.7829
0.003408	18.8698
0.00342768	19.0126
0.00344747	19.1555
0.00346737	19.2973
0.00348739	19.438
0.00350752	19.5776
0.00352777	19.7162
0.00354813	19.8537
0.00356862	19.9902
0.00358922	20.1257
0.00360994	20.3086
0.00363078	20.5556
0.00365174	20.7997
0.00367282	21.0409
0.00369403	21.2794
0.00371535	21.5151
0.0037368	21.7481
0.00375837	21.9785
0.00378007	22.2063
0.00380189	22.4315
0.00382384	22.6543
0.00384592	22.8745
0.00386812	23.0923
0.00389045	23.3078
0.00391291	23.5209
0.0039355	23.7317
0.00395822	23.9402
0.00398107	24.1428
0.00400405	24.3283
0.00402717	24.5121
0.00405042	24.694
0.0040738	24.8743
0.00409732	25.0528
0.00412098	25.2297
0.00414477	25.4049
0.00416869	25.5785
0.00419276	25.7505
0.00421697	25.9209
0.00424131	26.0899
0.0042658	26.2573
0.00429042	26.4233
0.00431519	26.5878
0.0043401	26.7643
0.00436516	26.9438
0.00439036	27.1218
0.0044157	27.2984
0.0044412	27.4736
0.00446684	27.6475
0.00449262	27.82
0.00451856	27.9921
0.00454465	28.166
0.00457088	28.4103
0.00459727	28.652
0.00462381	28.8912
0.0046505	29.128
0.00467735	29.3623
0.00470435	29.5943
0.00473151	29.8239
0.00475883	30.0512
0.0047863	30.2763
0.00481393	30.4991
0.00484172	30.7198
0.00486968	30.9383
0.00489779	31.1547
0.00492606	31.369
0.0049545	31.5813
0.0049831	31.7916
0.00501187	31.9999
0.00504081	32.2062
0.00506991	32.4214
0.00509918	32.635
0.00512861	32.8084
0.00515822	32.9481
0.005188	33.0868
0.00521795	33.2245
0.00524807	33.3614
0.00527837	33.4973
0.00530884	33.6324
0.00533949	33.7666
0.00537032	33.9
0.00540132	34.0325
0.0054325	34.1648
0.00546387	34.2966
0.00549541	34.4276
0.00552713	34.5578
0.00555904	34.6874
0.00559114	34.8162
0.00562341	34.9444
0.00565588	35.0719
0.00568853	35.2124
0.00572137	35.3959
0.0057544	35.5778
0.00578762	35.7629
0.00582103	35.948
0.00585464	36.1315
0.00588844	36.3136
0.00592243	36.4941
0.00595662	36.6733
0.00599101	36.851
0.0060256	37.0274
0.00606038	37.2023
0.00609537	37.376
0.00613056	37.5483
0.00616595	37.7194
0.00620155	37.8892
0.00623735	38.0577
0.00627336	38.2251
0.00630957	38.3912
0.006346	38.5572
0.00638263	38.7223
0.00641948	38.8862
0.00645654	39.0491
0.00649382	39.2118
0.00653131	39.3754
0.00656901	39.538
0.00660693	39.6995
0.00664508	39.8601
0.00668344	40.0196
0.00672202	40.1781
0.00676083	40.3357
0.00679986	40.4923
0.00683912	40.6559
0.0068786	40.8246
0.00691831	40.9924
0.00695825	41.1592
0.00699842	41.325
0.00703882	41.49
0.00707946	41.654
0.00712033	41.8172
0.00716143	41.9794
0.00720278	42.1404
0.00724436	42.2489
0.00728618	42.3578
0.00732825	42.4665
0.00737055	42.575
0.0074131	42.6834
0.0074559	42.7916
0.00749894	42.8996
0.00754223	43.0075
0.00758578	43.1153
0.00762957	43.2229
0.00767361	43.3304
0.00771792	43.4378
0.00776247	43.5451
0.00780728	43.6523
0.00785236	43.7593
0.00789769	43.8663
0.00794328	43.9733
0.00798914	44.0869
0.00803526	44.2024
0.00808165	44.3177
0.00812831	44.4334
0.00817523	44.5513
0.00822243	44.669
0.0082699	44.7867
0.00831764	44.9042
0.00836566	45.0217
0.00841395	45.1391
0.00846253	45.2564
0.00851138	45.3736
0.00856052	45.4908
0.00860994	45.6078
0.00865964	45.7249
0.00870964	45.8418
0.00875992	45.9587
0.00881049	46.0756
0.00886135	46.1924
0.00891251	46.3092
0.00896396	46.4259
0.00901571	46.5408
0.00906776	46.6509
0.00912011	46.7642
0.00917276	46.8796
0.00922571	46.995
0.00927897	47.1105
0.00933254	47.226
0.00938642	47.3416
0.00944061	47.4572
0.00949511	47.5729
0.00954993	47.6886
0.00960506	47.8044
0.00966051	47.9202
0.00971628	48.0361
0.00977237	48.1521
0.00982879	48.2681
0.00988553	48.3842
0.0099426	48.5004
0.01	48.6166
0.0100577	48.7329
0.0101158	48.8492
0.0101742	48.9657
0.0102329	49.0825
0.010292	49.2014
0.0103514	49.3204
0.0104112	49.4394
0.0104713	49.5585
0.0105317	49.6776
0.0105925	49.7969
0.0106537	49.9162
0.0107152	50.0355
0.0107771	50.1549
0.0108393	50.2922
0.0109018	50.4427
0.0109648	50.5928
0.0110281	50.7426
0.0110917	50.892
0.0111558	51.0411
0.0112202	51.1899
0.011285	51.3392
0.0113501	51.498
0.0114156	51.6295
0.0114815	51.755
0.0115478	51.8806
0.0116145	52.0062
0.0116815	52.1318
0.011749	52.2574
0.0118168	52.383
0.011885	52.5086
0.0119536	52.6342
0.0120226	52.7599
0.0120921	52.8855
0.0121619	53.0111
0.0122321	53.1368
0.0123027	53.2624
0.0123737	53.3881
0.0124451	53.5137
0.012517	53.6394
0.0125893	53.7651
0.0126619	53.8793
0.012735	53.9905
0.0128086	54.1018
0.0128825	54.2133
0.0129569	54.3248
0.0130317	54.4363
0.0131069	54.548
0.0131826	54.6598
0.0132587	54.7716
0.0133352	54.8836
0.0134122	54.9956
0.0134896	55.1077
0.0135675	55.2204
0.0136458	55.3342
0.0137246	55.4481
0.0138038	55.5621
0.0138835	55.6762
0.0139637	55.7905
0.0140443	55.9048
0.0141254	56.0193
0.0142069	56.1337
0.0142889	56.2427
0.0143714	56.3517
0.0144544	56.4264
0.0145378	56.4783
0.0146218	56.5313
0.0147062	56.5856
0.0147911	56.6409
0.0148765	56.6974
0.0149624	56.7551
0.0150487	56.8138
0.0151356	56.8736
0.015223	56.9345
0.0153109	56.9964
0.0153993	57.0594
0.0154882	57.1234
0.0155776	57.1884
0.0156675	57.2544
0.015758	57.3214
0.0158489	57.3961
0.0159404	57.4759
0.0160325	57.5565
0.016125	57.6379
0.0162181	57.7181
0.0163117	57.7857
0.0164059	57.8541
0.0165006	57.9234
0.0165959	57.9936
0.0166917	58.0646
0.016788	58.1365
0.016885	58.2093
0.0169824	58.2829
0.0170805	58.364
0.0171791	58.4567
0.0172783	58.55
0.017378	58.6437
0.0174783	58.738
0.0175792	58.8327
0.0176807	58.928
0.0177828	59.0237
0.0178855	59.1199
0.0179887	59.2166
0.0180926	59.3141
0.018197	59.4132
0.0183021	59.5125
0.0184077	59.6122
0.018514	59.7122
0.0186209	59.8126
0.0187284	59.9132
0.0188365	60.0141
0.0189452	60.1152
0.0190546	60.2167
0.0191646	60.3184
0.0192752	60.4204
0.0193865	60.5227
0.0194984	60.6252
0.019611	60.7279
0.0197242	60.8309
0.0198381	60.9341
0.0199526	61.0308
0.0200678	61.1232
0.0201837	61.2159
0.0203002	61.3089
0.0204174	61.4106
0.0205353	61.5129
0.0206538	61.6153
0.020773	61.7179
0.020893	61.8208
0.0210136	61.9238
0.0211349	62.027
0.0212569	62.1304
0.0213796	62.2339
0.021503	62.3376
0.0216272	62.4355
0.021752	62.5004
0.0218776	62.5658
0.0220039	62.6318
0.0221309	62.6984
0.0222587	62.7654
0.0223872	62.8331
0.0225165	62.9012
0.0226464	62.9708
0.0227772	63.0302
0.0229087	63.0735
0.0230409	63.1178
0.0231739	63.1632
0.0233077	63.2095
0.0234423	63.2568
0.0235776	63.305
0.0237137	63.3542
0.0238506	63.4043
0.0239883	63.4553
0.0241268	63.5072
0.0242661	63.56
0.0244062	63.6136
0.0245471	63.6681
0.0246888	63.7234
0.0248313	63.7795
0.0249747	63.8364
0.0251189	63.8941
0.0252639	63.9604
0.0254097	64.0404
0.0255564	64.1209
0.025704	64.1903
0.0258523	64.2595
0.0260016	64.329
0.0261517	64.3989
0.0263027	64.4692
0.0264545	64.5399
0.0266073	64.6109
0.0267609	64.6823
0.0269153	64.7541
0.0270707	64.8262
0.027227	64.9072
0.0273842	64.9886
0.0275423	65.0703
0.0277013	65.1522
0.0278612	65.2344
0.0280221	65.3168
0.0281838	65.3994
0.0283465	65.4823
0.0285102	65.5633
0.0286748	65.6429
0.0288403	65.717
0.0290068	65.7648
0.0291743	65.8131
0.0293427	65.8619
0.0295121	65.9112
0.0296825	65.961
0.0298538	66.0112
0.0300262	66.062
0.0301995	66.1131
0.0303739	66.1648
0.0305492	66.2168
0.0307256	66.2693
0.030903	66.3223
0.0310814	66.3756
0.0312608	66.4293
0.0314413	66.4835
0.0316228	66.5386
0.0318053	66.5966
0.031989	66.655
0.0321736	66.7138
0.0323594	66.7729
0.0325462	66.8364
0.0327341	66.9018
0.032923	66.9673
0.0331131	67.033
0.0333043	67.0988
0.0334965	67.1648
0.0336899	67.2309
0.0338844	67.2971
0.03408	67.3635
0.0342768	67.4049
0.0344747	67.4456
0.0346737	67.4866
0.0348739	67.528
0.0350752	67.5698
0.0352777	67.6118
0.0354813	67.6546
0.0356862	67.6984
0.0358922	67.7424
0.0360994	67.7784
0.0363078	67.8085
0.0365174	67.8392
0.0367282	67.8703
0.0369403	67.9018
0.0371535	67.9338
0.037368	67.9662
0.0375837	67.9991
0.0378007	68.0323
0.0380189	68.066
0.0382384	68.1
0.0384592	68.1344
0.0386812	68.1693
0.0389045	68.2044
0.0391291	68.24
0.039355	68.2759
0.0395822	68.3121
0.0398107	68.3503
0.0400405	68.3961
0.0402717	68.442
0.0405042	68.488
0.040738	68.5305
0.0409732	68.5702
0.0412098	68.61
0.0414477	68.6501
0.0416869	68.6903
0.0419276	68.7307
0.0421697	68.7713
0.0424131	68.812
0.042658	68.8533
0.0429042	68.8949
0.0431519	68.9367
0.043401	68.9579
0.0436516	68.9718
0.0439036	68.9859
0.044157	69.0004
0.044412	69.0151
0.0446684	69.0301
0.0449262	69.0453
0.0451856	69.0623
0.0454465	69.0842
0.0457088	69.086
0.0459727	69.0878
0.0462381	69.09
0.046505	69.0926
0.0467735	69.0956
0.0470435	69.0989
0.0473151	69.1026
0.0475883	69.1067
0.047863	69.1111
0.0481393	69.1158
0.0484172	69.1209
0.0486968	69.1264
0.0489779	69.1322
0.0492606	69.1383
0.049545	69.1447
0.049831	69.1524
0.0501187	69.1605
0.0504081	69.1689
0.0506991	69.1566
0.0509918	69.1434
0.0512861	69.1308
0.0515822	69.1186
0.05188	69.1068
0.0521795	69.0952
0.0524807	69.0839
0.0527837	69.073
0.0530884	69.0623
0.0533949	69.0519
0.0537032	69.0417
0.0540132	69.0318
0.054325	69.0407
0.0546387	69.0527
0.0549541	69.0648
0.0552713	69.0769
0.0555904	69.0891
0.0559114	69.1013
0.0562341	69.1135
0.0565588	69.1258
0.0568853	69.1356
0.0572137	69.1347
0.057544	69.134
0.0578762	69.1202
0.0582103	69.1022
0.0585464	69.0844
0.0588844	69.0668
0.0592243	69.0495
0.0595662	69.0324
0.0599101	69.0155
0.060256	68.9988
0.0606038	68.9823
0.0609537	68.9661
0.0613056	68.9501
0.0616595	68.9343
0.0620155	68.9186
0.0623735	68.9032
0.0627336	68.888
0.0630957	68.873
0.06346	68.8609
0.0638263	68.85
0.0641948	68.8399
0.0645654	68.83
0.0649382	68.8162
0.0653131	68.7924
0.0656901	68.7689
0.0660693	68.7455
0.0664508	68.7224
0.0668344	68.6996
0.0672202	68.6769
0.0676083	68.6544
0.0679986	68.6322
0.0683912	68.5983
0.068786	68.5543
0.0691831	68.5106
0.0695825	68.4673
0.0699842	68.4242
0.0703882	68.3815
0.0707946	68.3391
0.0712033	68.2975
0.0716143	68.2563
0.0720278	68.2154
0.0724436	68.1819
0.0728618	68.1494
0.0732825	68.117
0.0737055	68.0844
0.074131	68.0519
0.074559	68.0193
0.0749894	67.9867
0.0754223	67.9541
0.0758578	67.9215
0.0762957	67.8889
0.0767361	67.8563
0.0771792	67.8237
0.0776247	67.791
0.0780728	67.7584
0.0785236	67.7257
0.0789769	67.6931
0.0794328	67.6605
0.0798914	67.6147
0.0803526	67.5647
0.0808165	67.5147
0.0812831	67.4649
0.0817523	67.4161
0.0822243	67.3674
0.082699	67.3188
0.0831764	67.2703
0.0836566	67.2219
0.0841395	67.1736
0.0846253	67.1254
0.0851138	67.0776
0.0856052	67.0381
0.0860994	67.001
0.0865964	66.9639
0.0870964	66.9268
0.0875992	66.8897
0.0881049	66.8526
0.0886135	66.8155
0.0891251	66.7784
0.0896396	66.7413
0.0901571	66.7006
0.0906776	66.6416
0.0912011	66.5744
0.0917276	66.501
0.0922571	66.4278
0.0927897	66.3549
0.0933254	66.2823
0.0938642	66.2099
0.0944061	66.1378
0.0949511	66.0659
0.0954993	65.9942
0.0960506	65.9229
0.0966051	65.8517
0.0971628	65.7808
0.0977237	65.7102
0.0982879	65.6398
0.0988553	65.5696
0.099426	65.5
0.1	65.4309
0.100577	65.3621
0.101158	65.2935
0.101742	65.2251
0.102329	65.1562
0.10292	65.0772
0.103514	64.9985
0.104112	64.9202
0.104713	64.8421
0.105317	64.7643
0.105925	64.6869
0.106537	64.6098
0.107152	64.5329
0.107771	64.4564
0.108393	64.374
0.109018	64.2862
0.109648	64.1987
0.110281	64.1116
0.110917	64.0249
0.111558	63.9386
0.112202	63.8526
0.11285	63.767
0.113501	63.6794
0.114156	63.5909
0.114815	63.5022
0.115478	63.4138
0.116145	63.3256
0.116815	63.2377
0.11749	63.15
0.118168	63.0625
0.11885	62.9754
0.119536	62.8885
0.120226	62.8018
0.120921	62.7154
0.121619	62.6293
0.122321	62.5434
0.123027	62.4578
0.123737	62.3724
0.124451	62.2874
0.12517	62.2026
0.125893	62.118
0.126619	62.0277
0.12735	61.9354
0.128086	61.8433
0.128825	61.7514
0.129569	61.66
0.130317	61.5688
0.131069	61.478
0.131826	61.3874
0.132587	61.2972
0.133352	61.2074
0.134122	61.1178
0.134896	61.0286
0.135675	60.9397
0.136458	60.8511
0.137246	60.7628
0.138038	60.6748
0.138835	60.5871
0.139637	60.4997
0.140443	60.4127
0.141254	60.3259
0.142069	60.2397
0.142889	60.14
0.143714	60.0405
0.144544	59.9382
0.145378	59.8333
0.146218	59.7289
0.147062	59.6249
0.147911	59.5213
0.148765	59.4181
0.149624	59.3153
0.150487	59.213
0.151356	59.1111
0.15223	59.0095
0.153109	58.9084
0.153993	58.8077
0.154882	58.7074
0.155776	58.6076
0.156675	58.5083
0.15758	58.4093
0.158489	58.3082
0.159404	58.2054
0.160325	58.1031
0.16125	58.0012
0.162181	57.8994
0.163117	57.7937
0.164059	57.6884
0.165006	57.5836
0.165959	57.4793
0.166917	57.3754
0.16788	57.272
0.16885	57.169
0.169824	57.0664
0.170805	56.9619
0.171791	56.8515
0.172783	56.7415
0.17378	56.632
0.174783	56.5231
0.175792	56.4146
0.176807	56.3066
0.177828	56.1991
0.178855	56.0921
0.179887	55.9856
0.180926	55.8745
0.18197	55.7604
0.183021	55.6468
0.184077	55.5338
0.18514	55.4213
0.186209	55.3093
0.187284	55.1979
0.188365	55.0869
0.189452	54.9765
0.190546	54.8667
0.191646	54.7573
0.192752	54.6485
0.193865	54.5402
0.194984	54.4325
0.19611	54.3254
0.197242	54.2188
0.198381	54.1126
0.199526	54.004
0.200678	53.8927
0.201837	53.782
0.203002	53.6717
0.204174	53.5577
0.205353	53.4436
0.206538	53.33
0.20773	53.217
0.20893	53.1046
0.210136	52.9927
0.211349	52.8813
0.212569	52.7705
0.213796	52.6603
0.21503	52.5505
0.216272	52.4411
0.21752	52.3275
0.218776	52.2144
0.220039	52.1019
0.221309	51.99
0.222587	51.8786
0.223872	51.7678
0.225165	51.6575
0.226464	51.5448
0.227772	51.4291
0.229087	51.3105
0.230409	51.1926
0.231739	51.0753
0.233077	50.9586
0.234423	50.8425
0.235776	50.7271
0.237137	50.6122
0.238506	50.4979
0.239883	50.3841
0.241268	50.271
0.242661	50.1584
0.244062	50.0463
0.245471	49.9348
0.246888	49.8239
0.248313	49.7136
0.249747	49.6038
0.251189	49.4945
0.252639	49.3849
0.254097	49.2732
0.255564	49.162
0.25704	49.0485
0.258523	48.9349
0.260016	48.8219
0.261517	48.7094
0.263027	48.5976
0.264545	48.4863
0.266073	48.3755
0.267609	48.2654
0.269153	48.1558
0.270707	48.0467
0.27227	47.931
0.273842	47.8147
0.275423	47.699
0.277013	47.5839
0.278612	47.4694
0.280221	47.3555
0.281838	47.2422
0.283465	47.1295
0.285102	47.015
0.286748	46.8991
0.288403	46.7838
0.290068	46.6664
0.291743	46.5496
0.293427	46.4335
0.295121	46.318
0.296825	46.203
0.298538	46.0887
0.300262	45.975
0.301995	45.8619
0.303739	45.7494
0.305492	45.6374
0.307256	45.5261
0.30903	45.4153
0.310814	45.3052
0.312608	45.1957
0.314413	45.0867
0.316228	44.9782
0.318053	44.8664
0.31989	44.7551
0.321736	44.6445
0.323594	44.5344
0.325462	44.4236
0.327341	44.3126
0.32923	44.202
0.331131	44.0921
0.333043	43.9827
0.334965	43.8739
0.336899	43.7656
0.338844	43.6579
0.3408	43.5507
0.342768	43.441
0.344747	43.331
0.346737	43.2216
0.348739	43.1127
0.350752	43.0045
0.352777	42.8969
0.354813	42.7898
0.356862	42.683
0.358922	42.5768
0.360994	42.4706
0.363078	42.3577
0.365174	42.2442
0.367282	42.1313
0.369403	42.0191
0.371535	41.9074
0.37368	41.7963
0.375837	41.6857
0.378007	41.5758
0.380189	41.4664
0.382384	41.3576
0.384592	41.2494
0.386812	41.1417
0.389045	41.0346
0.391291	40.9282
0.39355	40.8223
0.395822	40.717
0.398107	40.6122
0.400405	40.5052
0.402717	40.3988
0.405042	40.2928
0.40738	40.186
0.409732	40.077
0.412098	39.9686
0.414477	39.8608
0.416869	39.7535
0.419276	39.6468
0.421697	39.5406
0.424131	39.4349
0.42658	39.3298
0.429042	39.225
0.431519	39.1209
0.43401	39.016
0.436516	38.9105
0.439036	38.8057
0.44157	38.7013
0.44412	38.5975
0.446684	38.4942
0.449262	38.3915
0.451856	38.2891
0.454465	38.1814
0.457088	38.0726
0.459727	37.9639
0.462381	37.8558
0.46505	37.7482
0.467735	37.6413
0.470435	37.5349
0.473151	37.4291
0.475883	37.3239
0.47863	37.2192
0.481393	37.115
0.484172	37.0114
0.486968	36.9083
0.489779	36.8057
0.492606	36.7037
0.49545	36.6021
0.49831	36.5008
0.501187	36.3999
0.504081	36.2995
0.506991	36.1984
0.509918	36.0973
0.512861	35.9964
0.515822	35.8947
0.5188	35.7936
0.521795	35.693
0.524807	35.5929
0.527837	35.4933
0.530884	35.3943
0.533949	35.2958
0.537032	35.1977
0.540132	35.1002
0.54325	35.0005
0.546387	34.8951
0.549541	34.7902
0.552713	34.6859
0.555904	34.5821
0.559114	34.4789
0.562341	34.3763
0.565588	34.2741
0.568853	34.1724
0.572137	34.0692
0.57544	33.9665
0.578762	33.8637
0.582103	33.7608
0.585464	33.6584
0.588844	33.5565
0.592243	33.4552
0.595662	33.3545
0.599101	33.2542
0.60256	33.1545
0.606038	33.0553
0.609537	32.9567
0.613056	32.8585
0.616595	32.7609
0.620155	32.6638
0.623735	32.5673
0.627336	32.4713
0.630957	32.3758
0.6346	32.2774
0.638263	32.1758
0.641948	32.0743
0.645654	31.9733
0.649382	31.8728
0.653131	31.7719
0.656901	31.6715
0.660693	31.5717
0.664508	31.4723
0.668344	31.3735
0.672202	31.2753
0.676083	31.1775
0.679986	31.081
0.683912	30.9853
0.68786	30.8887
0.691831	30.7926
0.695825	30.697
0.699842	30.6019
0.703882	30.5074
0.707946	30.4133
0.712033	30.3194
0.716143	30.2257
0.720278	30.1325
0.724436	30.0376
0.728618	29.9385
0.732825	29.8399
0.737055	29.7418
0.74131	29.6442
0.74559	29.5471
0.749894	29.4506
0.754223	29.3546
0.758578	29.259
0.762957	29.164
0.767361	29.0695
0.771792	28.9755
0.776247	28.882
0.780728	28.789
0.785236	28.6966
0.789769	28.6046
0.794328	28.5132
0.798914	28.4217
0.803526	28.3299
0.808165	28.2385
0.812831	28.1477
0.817523	28.0541
0.822243	27.9597
0.82699	27.8658
0.831764	27.7724
0.836566	27.6795
0.841395	27.5871
0.846253	27.4952
0.851138	27.4038
0.856052	27.3122
0.860994	27.2209
0.865964	27.1301
0.870964	27.0398
0.875992	26.9499
0.881049	26.8606
0.886135	26.7717
0.891251	26.6833
0.896396	26.5954
0.901571	26.5079
0.906776	26.4179
0.912011	26.3248
0.917276	26.2312
0.922571	26.1382
0.927897	26.0456
0.933254	25.9535
0.938642	25.862
0.944061	25.771
0.949511	25.6805
0.954993	25.5904
0.960506	25.5009
0.966051	25.4118
0.971628	25.3231
0.977237	25.235
0.982879	25.1473
0.988553	25.0601
0.99426	24.9733
1	24.8865
1.00577	24.8001
1.01158	24.7141
1.01742	24.6286
1.02329	24.5435
1.0292	24.4585
1.03514	24.3735
1.04112	24.2891
1.04713	24.205
1.05317	24.1217
1.05925	24.04
1.06537	23.9584
1.07152	23.8769
1.07771	23.7955
1.08393	23.7141
1.09018	23.6329
1.09648	23.5518
1.10281	23.4708
1.10917	23.3899
1.11558	23.3091
1.12202	23.2284
1.1285	23.1478
1.13501	23.0673
1.14156	22.987
1.14815	22.9068
1.15478	22.8267
1.16145	22.7467
1.16815	22.6669
1.1749	22.5872
1.18168	22.5076
1.1885	22.4281
1.19536	22.3488
1.20226	22.2696
1.20921	22.1906
1.21619	22.1117
1.22321	22.0329
1.23027	21.9543
1.23737	21.8759
1.24451	21.7532
1.2517	21.6758
1.25893	21.5987
1.26619	21.5217
1.2735	21.4448
1.28086	21.4307
1.28825	21.3522
1.29569	21.2739
1.30317	21.1957
1.31069	21.1177
1.31826	21.0399
1.32587	20.9622
1.33352	20.8847
1.34122	20.8074
1.34896	20.7303
1.35675	20.6533
1.36458	20.5765
1.37246	20.4999
1.38038	20.4234
1.38835	20.3472
1.39637	20.2711
1.40443	20.1952
1.41254	20.1195
1.42069	20.044
1.42889	19.9686
1.43714	19.8935
1.44544	19.8185
1.45378	19.7437
1.46218	19.6691
1.47062	19.5947
1.47911	19.5205
1.48765	19.4233
1.49624	19.35
1.50487	19.2769
1.51356	19.204
1.5223	19.1312
1.53109	19.0587
1.53993	19.0357
1.54882	18.9632
1.55776	18.8909
1.56675	18.8188
1.5758	18.7469
1.58489	18.6752
1.59404	18.6037
1.60325	18.5324
1.6125	18.4613
1.62181	18.3905
1.63117	18.3198
1.64059	18.2493
1.65006	18.1791
1.65959	18.1091
1.66917	18.0392
1.6788	17.9696
1.6885	17.9002
1.69824	17.831
1.70805	17.762
1.71791	17.6933
1.72783	17.6247
1.7378	17.5444
1.74783	17.4766
1.75792	17.409
1.76807	17.3416
1.77828	17.2744
1.78855	17.2075
1.79887	17.1582
1.80926	17.0913
1.8197	17.0246
1.83021	16.9581
1.84077	16.8918
1.8514	16.8257
1.86209	16.7598
1.87284	16.6942
1.88365	16.6287
1.89452	16.5635
1.90546	16.4985
1.91646	16.4336
1.92752	16.3971
1.93865	16.3323
1.94984	16.2677
1.9611	16.2034
1.97242	16.1392
1.98381	16.0753
1.99526	16.0052
2.00678	15.942
2.01837	15.8791
2.03002	15.8163
2.04174	15.7537
2.05353	15.6913
2.06538	15.6292
2.0773	15.5672
2.0893	15.5055
2.10136	15.4439
2.11349	15.3826
2.12569	15.3214
2.13796	15.2605
2.1503	15.1998
2.16272	15.1392
2.1752	15.0789
2.18776	15.0477
2.20039	14.9874
2.21309	14.9272
2.22587	14.8673
2.23872	14.8075
2.25165	14.748
2.26464	14.6886
2.27772	14.6295
2.29087	14.5705
2.30409	14.5118
2.31739	14.4533
2.33077	14.3949
2.34423	14.3368
2.35776	14.2788
2.37137	14.2211
2.38506	14.1635
2.39883	14.1062
2.41268	14.049
2.42661	13.9921
2.44062	13.9353
2.45471	13.8787
2.46888	13.8223
2.48313	13.7661
2.49747	13.7068
2.51189	13.6512
2.52639	13.5958
2.54097	13.5406
2.55564	13.4855
2.5704	13.4306
2.58523	13.4248
2.60016	13.3697
2.61517	13.3147
2.63027	13.26
2.64545	13.2054
2.66073	13.151
2.67609	13.0968
2.69153	13.0428
2.70707	12.989
2.7227	12.9353
2.73842	12.8819
2.75423	12.8286
2.77013	12.7755
2.78612	12.7226
2.80221	12.6699
2.81838	12.6174
2.83465	12.5651
2.85102	12.5129
2.86748	12.4609
2.88403	12.4092
2.90068	12.3575
2.91743	12.3061
2.93427	12.2549
2.95121	12.2038
2.96825	12.153
2.98538	12.1023
3.00262	12.0531
3.01995	12.0029
3.03739	11.9528
3.05492	11.9029
3.07256	11.8532
3.0903	11.8037
3.10814	11.7543
3.12608	11.7052
3.14413	11.6562
3.16228	11.6074
3.18053	11.5587
3.1989	11.5102
3.21736	11.462
3.23594	11.4138
3.25462	11.3659
3.27341	11.3181
3.2923	11.2706
3.31131	11.2231
3.33043	11.1759
3.34965	11.1288
3.36899	11.082
3.38844	11.0352
3.408	10.9887
3.42768	10.9423
3.44747	10.8961
3.46737	10.8501
3.48739	10.8042
3.50752	10.761
3.52777	10.7155
3.54813	10.6702
3.56862	10.625
3.58922	10.58
3.60994	10.5351
3.63078	10.4905
3.65174	10.446
3.67282	10.4016
3.69403	10.3574
3.71535	10.3134
3.7368	10.2696
3.75837	10.2283
3.78007	10.1849
3.80189	10.1416
3.82384	10.0984
3.84592	10.0555
3.86812	10.0127
3.89045	9.99293
3.91291	9.94995
3.9355	9.90715
3.95822	9.86451
3.98107	9.82203
4.00405	9.77972
4.02717	9.73757
4.05042	9.69559
4.0738	9.65377
4.09732	9.61211
4.12098	9.57062
4.14477	9.52929
4.16869	9.48812
4.19276	9.44711
4.21697	9.40626
4.24131	9.36557
4.2658	9.32849
4.29042	9.28811
4.31519	9.24789
4.3401	9.20783
4.36516	9.16793
4.39036	9.12819
4.4157	9.0886
4.4412	9.04918
4.46684	9.00991
4.49262	8.97079
4.51856	8.93184
4.54465	8.89303
4.57088	8.85439
4.59727	8.8159
4.62381	8.77756
4.6505	8.73938
4.67735	8.70136
4.70435	8.66348
4.73151	8.62576
4.75883	8.58819
4.7863	8.55077
4.81393	8.51351
4.84172	8.47639
4.86968	8.43943
4.89779	8.40262
4.92606	8.36595
4.9545	8.32944
4.9831	8.29307
5.01187	8.26272
5.04081	8.22664
5.06991	8.19071
5.09918	8.15493
5.12861	8.1193
5.15822	8.08381
5.188	8.04846
5.21795	8.01326
5.24807	7.97821
5.27837	7.9433
5.30884	7.90853
5.33949	7.87391
5.37032	7.83943
5.40132	7.80509
5.4325	7.77089
5.46387	7.73684
5.49541	7.70292
5.52713	7.66915
5.55904	7.63551
5.59114	7.60202
5.62341	7.56866
5.65588	7.53545
5.68853	7.50237
5.72137	7.46942
5.7544	7.43662
5.78762	7.40395
5.82103	7.37142
5.85464	7.33902
5.88844	7.30676
5.92243	7.27463
5.95662	7.24264
5.99101	7.21078
6.0256	7.17905
6.06038	7.14746
6.09537	7.116
6.13056	7.08467
6.16595	7.05347
6.20155	7.02241
6.23735	6.99147
6.27336	6.96067
6.30957	6.92999
6.346	6.89944
6.38263	6.86903
6.41948	6.83874
6.45654	6.80857
6.49382	6.77854
6.53131	6.70915
6.56901	6.67885
6.60693	6.64867
6.64508	6.61862
6.68344	6.5887
6.72202	6.55891
6.76083	6.52924
6.79986	6.4997
6.83912	6.47029
6.8786	6.441
6.91831	6.41184
6.95825	6.3828
6.99842	6.35389
7.03882	6.3251
7.07946	6.29644
7.12033	6.26789
7.16143	6.23947
7.20278	6.21118
7.24436	6.183
7.28618	6.15494
7.32825	6.12701
7.37055	6.09919
7.4131	6.0715
7.4559	6.04392
7.49894	6.01647
7.54223	5.98913
7.58578	5.97051
7.62957	5.94331
7.67361	5.91622
7.71792	5.88925
7.76247	5.8624
7.80728	5.83567
7.85236	5.80905
7.89769	5.78255
7.94328	5.75616
7.98914	5.72989
8.03526	5.70373
8.08165	5.67768
8.12831	5.65175
8.17523	5.62593
8.22243	5.60022
8.2699	5.57463
8.31764	5.54915
8.36566	5.52377
8.41395	5.49851
8.46253	5.47336
8.51138	5.44832
8.56052	5.42339
8.60994	5.39856
8.65964	5.37385
8.70964	5.34924
8.75992	5.32474
8.81049	5.30035
8.86135	5.27607
8.91251	5.25189
8.96396	5.22782
9.01571	5.20385
9.06776	5.17999
9.12011	5.15624
9.17276	5.13258
9.22571	5.11046
9.27897	5.08853
9.33254	5.06668
9.38642	5.04491
9.44061	5.02322
9.49511	5.0016
9.54993	4.98007
9.60506	4.95861
9.66051	4.93724
9.71628	4.91594
9.77237	4.89472
9.82879	4.87358
9.88553	4.85251
9.9426	4.83153
10	4.81062
10.0577	4.7898
10.1158	4.76905
10.1742	4.74838
10.2329	4.72778
10.292	4.70727
10.3514	4.68683
10.4112	4.66647
10.4713	4.64619
10.5317	4.62599
10.5925	4.60586
10.6537	4.58582
10.7152	4.56584
10.7771	4.54595
10.8393	4.52614
10.9018	4.5064
10.9648	4.48673
11.0281	4.46715
11.0917	4.44764
11.1558	4.42821
11.2202	4.40885
11.285	4.38957
11.3501	4.37037
11.4156	4.35124
11.4815	4.33219
11.5478	4.31322
11.6145	4.29432
11.6815	4.27549
11.749	4.25675
11.8168	4.23807
11.885	4.21947
11.9536	4.20095
12.0226	4.1825
12.0921	4.16413
12.1619	4.14583
12.2321	4.1276
12.3027	4.10945
12.3737	4.09138
12.4451	4.07337
12.517	4.05544
12.5893	4.03759
12.6619	4.0198
12.735	4.00209
12.8086	3.98445
12.8825	3.97199
12.9569	3.95444
13.0317	3.93695
13.1069	3.91954
13.1826	3.9022
13.2587	3.88493
13.3352	3.86774
13.4122	3.85062
13.4896	3.83357
13.5675	3.81659
13.6458	3.79968
13.7246	3.78284
13.8038	3.76607
13.8835	3.74938
13.9637	3.73275
14.0443	3.7162
14.1254	3.69971
14.2069	3.68329
14.2889	3.66695
14.3714	3.65067
14.4544	3.63447
14.5378	3.61833
14.6218	3.60226
14.7062	3.58626
14.7911	3.57033
14.8765	3.55446
14.9624	3.53867
15.0487	3.52294
15.1356	3.50728
15.223	3.49169
15.3109	3.47616
15.3993	3.4607
15.4882	3.44531
15.5776	3.42998
15.6675	3.41473
15.758	3.39953
15.8489	3.38441
15.9404	3.36934
16.0325	3.35435
16.125	3.33942
16.2181	3.32455
16.3117	3.30975
16.4059	3.29502
16.5006	3.28035
16.5959	3.26574
16.6917	3.2512
16.788	3.23672
16.885	3.2223
16.9824	3.20795
17.0805	3.19366
17.1791	3.17944
17.2783	3.16527
17.378	3.15117
17.4783	3.13713
17.5792	3.12316
17.6807	3.10924
17.7828	3.09539
17.8855	3.0816
17.9887	3.06787
18.0926	3.0542
18.197	3.04059
18.3021	3.02917
18.4077	3.01565
18.514	3.00219
18.6209	2.9888
18.7284	2.97546
18.8365	2.96218
18.9452	2.94897
19.0546	2.93581
19.1646	2.92271
19.2752	2.90967
19.3865	2.89669
19.4984	2.88376
19.611	2.8709
19.7242	2.85809
19.8381	2.84534
19.9526	2.83265
20.0678	2.82002
20.1837	2.80744
20.3002	2.79492
20.4174	2.78245
20.5353	2.77005
20.6538	2.75769
20.773	2.7454
20.893	2.73316
21.0136	2.72098
21.1349	2.70885
21.2569	2.69677
21.3796	2.68476
21.503	2.67279
21.6272	2.66088
21.752	2.64903
21.8776	2.63723
22.0039	2.62548
22.1309	2.61379
22.2587	2.60215
22.3872	2.59057
22.5165	2.57903
22.6464	2.56755
22.7772	2.55613
22.9087	2.54475
23.0409	2.53343
23.1739	2.52216
23.3077	2.51094
23.4423	2.49977
23.5776	2.48866
23.7137	2.47759
23.8506	2.46658
23.9883	2.45562
24.1268	2.44471
24.2661	2.43385
24.4062	2.42303
24.5471	2.41227
24.6888	2.40156
24.8313	2.3909
24.9747	2.38029
25.1189	2.36973
25.2639	2.35921
25.4097	2.34875
25.5564	2.33833
25.704	2.32796
25.8523	2.31765
26.0016	2.30737
26.1517	2.29715
26.3027	2.28697
26.4545	2.27685
26.6073	2.26676
26.7609	2.2577
26.9153	2.24771
27.0707	2.23778
27.227	2.22788
27.3842	2.21804
27.5423	2.20824
27.7013	2.19848
27.8612	2.18877
28.0221	2.17911
28.1838	2.16949
28.3465	2.15992
28.5102	2.15039
28.6748	2.1409
28.8403	2.13146
29.0068	2.12207
29.1743	2.11272
29.3427	2.10341
29.5121	2.09414
29.6825	2.08492
29.8538	2.07575
30.0262	2.06661
30.1995	2.05752
30.3739	2.04847
30.5492	2.03947
30.7256	2.0305
30.903	2.02158
31.0814	2.0127
31.2608	2.00387
31.4413	1.99507
31.6228	1.98632
31.8053	1.97761
31.989	1.96893
32.1736	1.9603
32.3594	1.95171
32.5462	1.94317
32.7341	1.93466
32.923	1.92619
33.1131	1.91776
33.3043	1.90937
33.4965	1.90103
33.6899	1.89272
33.8844	1.88445
34.08	1.87622
34.2768	1.86803
34.4747	1.85988
34.6737	1.85176
34.8739	1.84369
35.0752	1.83565
35.2777	1.82766
35.4813	1.8197
35.6862	1.81178
35.8922	1.80389
36.0994	1.79605
36.3078	1.78824
36.5174	1.78047
36.7282	1.77274
36.9403	1.76504
37.1535	1.75738
37.368	1.74976
37.5837	1.74217
37.8007	1.73462
38.0189	1.72711
38.2384	1.71963
38.4592	1.71219
38.6812	1.70478
38.9045	1.69741
39.1291	1.69008
39.355	1.68278
39.5822	1.67551
39.8107	1.66828
40.0405	1.66109
40.2717	1.65393
40.5042	1.6468
40.738	1.63971
40.9732	1.63266
41.2098	1.62563
41.4477	1.61864
41.6869	1.61169
41.9276	1.60477
42.1697	1.59788
42.4131	1.59103
42.658	1.58421
42.9042	1.57742
43.1519	1.57066
43.401	1.56394
43.6516	1.55725
43.9036	1.55059
44.157	1.54397
44.412	1.53738
44.6684	1.53082
44.9262	1.52429
45.1856	1.51779
45.4465	1.51133
45.7088	1.50489
45.9727	1.49849
46.2381	1.49212
46.505	1.48578
46.7735	1.47947
47.0435	1.47319
47.3151	1.46695
47.5883	1.46073
47.863	1.45454
48.1393	1.44839
48.4172	1.44226
48.6968	1.43617
48.9779	1.4301
49.2606	1.42406
49.545	1.41806
49.831	1.41208
50.1187	1.40613
50.4081	1.40021
50.6991	1.39432
50.9918	1.38846
51.2861	1.38263
51.5822	1.37683
51.88	1.37106
52.1795	1.36531
52.4807	1.35959
52.7837	1.3539
53.0884	1.34824
53.3949	1.34261
53.7032	1.33701
54.0132	1.33143
54.325	1.32588
54.6387	1.32036
54.9541	1.31486
55.2713	1.30939
55.5904	1.30395
55.9114	1.29854
56.2341	1.29315
56.5588	1.28779
56.8853	1.28246
57.2137	1.27715
57.544	1.27187
57.8762	1.26662
58.2103	1.26139
58.5464	1.25619
58.8844	1.25101
59.2243	1.24586
59.5662	1.24074
59.9101	1.23564
60.256	1.23056
60.6038	1.22552
60.9537	1.22049
61.3056	1.21549
61.6595	1.21052
62.0155	1.20557
62.3735	1.20065
62.7336	1.19575
63.0957	1.19088
63.46	1.18603
63.8263	1.1812
64.1948	1.1764
64.5654	1.17163
64.9382	1.16687
65.3131	1.16214
65.6901	1.15744
66.0693	1.15276
66.4508	1.1481
66.8344	1.14346
67.2202	1.13885
67.6083	1.13427
67.9986	1.1297
68.3912	1.12516
68.786	1.12064
69.1831	1.11614
69.5825	1.11167
69.9842	1.10722
70.3882	1.10279
70.7946	1.09839
71.2033	1.094
71.6143	1.08964
72.0278	1.08531
72.4436	1.08099
72.8618	1.07669
73.2825	1.07242
73.7055	1.06817
74.131	1.06394
74.559	1.05973
74.9894	1.05555
75.4223	1.05138
75.8578	1.04724
76.2957	1.04311
76.7361	1.03901
77.1792	1.03493
77.6247	1.03087
78.0728	1.02683
78.5236	1.02281
78.9769	1.01881
79.4328	1.01484
79.8914	1.01088
80.3526	1.00694
80.8165	1.00303
81.2831	0.999131
81.7523	0.995254
82.2243	0.991398
82.699	0.987561
83.1764	0.983744
83.6566	0.979947
84.1395	0.976169
84.6253	0.972411
85.1138	0.968672
85.6052	0.964953
86.0994	0.961253
86.5964	0.957572
87.0964	0.95391
87.5992	0.950267
88.1049	0.946642
88.6135	0.943037
89.1251	0.93945
89.6396	0.935882
90.1571	0.932333
90.6776	0.928801
91.2011	0.925289
91.7276	0.921794
92.2571	0.918318
92.7897	0.91486
93.3254	0.91142
93.8642	0.907998
94.4061	0.904593
94.9511	0.901207
95.4993	0.897838
96.0506	0.894487
96.6051	0.891153
97.1628	0.887837
97.7237	0.884538
98.2879	0.881257
98.8553	0.877993
99.426	0.874746
100	0.871515
100.577	0.868302
101.158	0.865106
101.742	0.861927
102.329	0.858765
102.92	0.855619
103.514	0.85249
104.112	0.849377
104.713	0.846281
105.317	0.843201
105.925	0.840137
106.537	0.83709
107.152	0.834059
107.771	0.831044
108.393	0.828045
109.018	0.825062
109.648	0.822095
110.281	0.819143
110.917	0.816208
111.558	0.813288
112.202	0.810383
112.85	0.807494
113.501	0.804621
114.156	0.801762
114.815	0.79892
115.478	0.796092
116.145	0.79328
116.815	0.790482
117.49	0.7877
118.168	0.784932
118.85	0.78218
119.536	0.779442
120.226	0.776719
120.921	0.774011
121.619	0.771317
122.321	0.768638
123.027	0.765974
123.737	0.763323
124.451	0.760688
125.17	0.758066
125.893	0.755459
126.619	0.752865
127.35	0.750286
128.086	0.747721
128.825	0.74517
129.569	0.742633
130.317	0.740109
131.069	0.7376
131.826	0.735104
132.587	0.732622
133.352	0.730153
134.122	0.727698
134.896	0.725256
135.675	0.722828
136.458	0.720413
137.246	0.718011
138.038	0.715622
138.835	0.713247
139.637	0.710885
140.443	0.708536
141.254	0.706199
142.069	0.703876
142.889	0.701566
143.714	0.699268
144.544	0.696983
145.378	0.694711
146.218	0.692451
147.062	0.690204
147.911	0.68797
148.765	0.685747
149.624	0.683538
150.487	0.68134
151.356	0.679155
152.23	0.676982
153.109	0.674822
153.993	0.672673
154.882	0.670537
155.776	0.668412
156.675	0.6663
157.58	0.664199
158.489	0.66211
159.404	0.660033
160.325	0.657968
161.25	0.655914
162.181	0.653872
163.117	0.651842
164.059	0.649823
165.006	0.647816
165.959	0.64582
166.917	0.643835
167.88	0.641862
168.85	0.6399
169.824	0.637949
170.805	0.636009
171.791	0.634081
172.783	0.632163
173.78	0.630257
174.783	0.628361
175.792	0.626476
176.807	0.624603
177.828	0.62274
178.855	0.620887
179.887	0.619046
180.926	0.617215
181.97	0.615395
183.021	0.613585
184.077	0.611786
185.14	0.609997
186.209	0.608219
187.284	0.606451
188.365	0.604694
189.452	0.602946
190.546	0.601209
191.646	0.599483
192.752	0.597766
193.865	0.596059
194.984	0.594363
196.11	0.592676
197.242	0.591
198.381	0.589333
199.526	0.587676
200.678	0.586029
201.837	0.584392
203.002	0.582765
204.174	0.581147
205.353	0.579539
206.538	0.57794
207.73	0.576351
208.93	0.574772
210.136	0.573202
211.349	0.571641
212.569	0.57009
213.796	0.568548
215.03	0.567016
216.272	0.565492
217.52	0.563978
218.776	0.562474
220.039	0.560978
221.309	0.559491
222.587	0.558014
223.872	0.556545
225.165	0.555086
226.464	0.553635
227.772	0.552193
229.087	0.55076
230.409	0.549336
231.739	0.547921
233.077	0.546514
234.423	0.545116
235.776	0.543727
237.137	0.542346
238.506	0.540974
239.883	0.539611
241.268	0.538256
242.661	0.536909
244.062	0.535571
245.471	0.534241
246.888	0.53292
248.313	0.531606
249.747	0.530301
251.189	0.529005
252.639	0.527716
254.097	0.526436
255.564	0.525164
257.04	0.5239
258.523	0.522644
260.016	0.521396
261.517	0.520156
263.027	0.518923
264.545	0.517699
266.073	0.516483
267.609	0.515274
269.153	0.514073
270.707	0.51288
272.27	0.511695
273.842	0.510517
275.423	0.509348
277.013	0.508185
278.612	0.50703
280.221	0.505883
281.838	0.504744
283.465	0.503611
285.102	0.502487
286.748	0.501369
288.403	0.500259
290.068	0.499157
291.743	0.498061
293.427	0.496973
295.121	0.495892
296.825	0.494819
298.538	0.493752
300.262	0.492693
301.995	0.491641
303.739	0.490596
305.492	0.489558
307.256	0.488527
309.03	0.487503
310.814	0.486486
312.608	0.485476
314.413	0.484473
316.228	0.483476
318.053	0.482487
319.89	0.481504
321.736	0.480528
323.594	0.479559
325.462	0.478596
327.341	0.47764
329.23	0.476691
331.131	0.475748
333.043	0.474812
334.965	0.473883
336.899	0.47296
338.844	0.472043
340.8	0.471133
342.768	0.47023
344.747	0.469333
346.737	0.468442
348.739	0.467557
350.752	0.466679
352.777	0.465807
354.813	0.464942
356.862	0.464082
358.922	0.463229
360.994	0.462382
363.078	0.461541
365.174	0.460707
367.282	0.459878
369.403	0.459055
371.535	0.458239
373.68	0.457428
375.837	0.456623
378.007	0.455825
380.189	0.455032
382.384	0.454245
384.592	0.453464
386.812	0.452689
389.045	0.45192
391.291	0.451156
393.55	0.450398
395.822	0.449646
398.107	0.4489
400.405	0.448159
402.717	0.447424
405.042	0.446695
407.38	0.445971
409.732	0.445252
412.098	0.44454
414.477	0.443832
416.869	0.443131
419.276	0.442434
421.697	0.441744
424.131	0.441058
426.58	0.440378
429.042	0.439703
431.519	0.439034
434.01	0.43838
436.516	0.437741
439.036	0.437107
441.57	0.436478
444.12	0.435855
446.684	0.435236
449.262	0.434622
451.856	0.434014
454.465	0.43341
457.088	0.432811
459.727	0.432218
462.381	0.431629
465.05	0.431045
467.735	0.430466
470.435	0.429892
473.151	0.429323
475.883	0.428759
478.63	0.428199
481.393	0.427645
484.172	0.427095
486.968	0.426549
489.779	0.426009
492.606	0.425473
495.45	0.424942
498.31	0.424416
501.187	0.423894
504.081	0.423377
506.991	0.422864
509.918	0.422356
512.861	0.421853
515.822	0.421354
518.8	0.42086
521.795	0.42037
524.807	0.419885
527.837	0.419404
530.884	0.418927
533.949	0.418455
537.032	0.417988
540.132	0.417524
543.25	0.417065
546.387	0.416611
549.541	0.416161
552.713	0.415715
555.904	0.415273
559.114	0.414836
562.341	0.414403
565.588	0.413974
568.853	0.413549
572.137	0.413128
575.44	0.412712
578.762	0.4123
582.103	0.411892
585.464	0.411488
588.844	0.411088
592.243	0.410692
595.662	0.4103
599.101	0.409913
602.56	0.409529
606.038	0.409149
609.537	0.408774
613.056	0.408402
616.595	0.408034
620.155	0.40767
623.735	0.40731
627.336	0.406954
630.957	0.406602
634.6	0.406253
638.263	0.405909
641.948	0.405568
645.654	0.405231
649.382	0.404898
653.131	0.404568
656.901	0.404242
660.693	0.403921
664.508	0.403602
668.344	0.403288
672.202	0.402977
676.083	0.402669
679.986	0.402366
683.912	0.402066
687.86	0.401769
691.831	0.401477
695.825	0.401187
699.842	0.400902
703.882	0.40062
707.946	0.400341
712.033	0.400066
716.143	0.399794
720.278	0.399526
724.436	0.399261
728.618	0.399
732.825	0.398742
737.055	0.398487
741.31	0.398236
745.59	0.397988
749.894	0.397744
754.223	0.397503
758.578	0.397265
762.957	0.397031
767.361	0.396799
771.792	0.396571
776.247	0.396347
780.728	0.396125
785.236	0.395907
789.769	0.395692
794.328	0.39548
798.914	0.395272
803.526	0.395066
808.165	0.394864
812.831	0.394664
817.523	0.394468
822.243	0.394275
826.99	0.394085
831.764	0.393898
836.566	0.393714
841.395	0.393533
846.253	0.393356
851.138	0.393181
856.052	0.393009
860.994	0.39284
865.964	0.392674
870.964	0.392511
875.992	0.392351
881.049	0.392194
886.135	0.392039
891.251	0.391888
896.396	0.391739
901.571	0.391594
906.776	0.391451
912.011	0.391311
917.276	0.391174
922.571	0.391039
927.897	0.390907
933.254	0.390778
938.642	0.390652
944.061	0.390529
949.511	0.390408
954.993	0.39029
960.506	0.390174
966.051	0.390062
971.628	0.389952
977.237	0.389844
982.879	0.389739
988.553	0.389637
994.26	0.389538
1000	0.389441
1005.77	0.389346
1011.58	0.389254
1017.42	0.389165
1023.29	0.389078
1029.2	0.388994
1035.14	0.388912
1041.12	0.388833
1047.13	0.388756
1053.17	0.388682
1059.25	0.38861
1065.37	0.38854
1071.52	0.388473
1077.71	0.388409
1083.93	0.388346
1090.18	0.388286
1096.48	0.388229
1102.81	0.388174
1109.17	0.388121
1115.58	0.38807
1122.02	0.388022
1128.5	0.387976
1135.01	0.387933
1141.56	0.387891
1148.15	0.387852
1154.78	0.387816
1161.45	0.387781
1168.15	0.387749
1174.9	0.387718
1181.68	0.38769
1188.5	0.387665
1195.36	0.387641
1202.26	0.38762
1209.21	0.3876
1216.19	0.387583
1223.21	0.387568
1230.27	0.387555
1237.37	0.387544
1244.51	0.387535
1251.7	0.387529
1258.93	0.387524
1266.19	0.387521
1273.5	0.387521
1280.86	0.387522
1288.25	0.387526
1295.69	0.387531
1303.17	0.387539
1310.69	0.387548
1318.26	0.387559
1325.87	0.387573
1333.52	0.387588
1341.22	0.387605
1348.96	0.387624
1356.75	0.387645
1364.58	0.387668
1372.46	0.387693
1380.38	0.387719
1388.35	0.387748
1396.37	0.387778
1404.43	0.38781
1412.54	0.387844
1420.69	0.38788
1428.89	0.387917
1437.14	0.387957
1445.44	0.387998
1453.78	0.388041
1462.18	0.388085
1470.62	0.388132
1479.11	0.38818
1487.65	0.38823
1496.24	0.388281
1504.87	0.388334
1513.56	0.388389
1522.3	0.388446
1531.09	0.388504
1539.93	0.388564
1548.82	0.388626
1557.76	0.388689
1566.75	0.388753
1575.8	0.38882
1584.89	0.388888
1594.04	0.388957
1603.25	0.389028
1612.5	0.389101
1621.81	0.389175
1631.17	0.389251
1640.59	0.389329
1650.06	0.389407
1659.59	0.389488
1669.17	0.38957
1678.8	0.389653
1688.5	0.389738
1698.24	0.389824
1708.05	0.389912
1717.91	0.390001
1727.83	0.390092
1737.8	0.390184
1747.83	0.390278
1757.92	0.390373
1768.07	0.390469
1778.28	0.390567
1788.55	0.390666
1798.87	0.390766
1809.26	0.390868
1819.7	0.390971
1830.21	0.391076
1840.77	0.391182
1851.4	0.391289
1862.09	0.391398
1872.84	0.391507
1883.65	0.391619
1894.52	0.391731
1905.46	0.391845
1916.46	0.39196
1927.52	0.392076
1938.65	0.392193
1949.84	0.392312
1961.1	0.392432
1972.42	0.392553
1983.81	0.392676
1995.26	0.392799
2006.78	0.392924
2018.37	0.39305
2030.02	0.393177
2041.74	0.393305
2053.53	0.393435
2065.38	0.393566
2077.3	0.393697
2089.3	0.39383
2101.36	0.393964
2113.49	0.394099
2125.69	0.394236
2137.96	0.394373
2150.3	0.394512
2162.72	0.394651
2175.2	0.394792
2187.76	0.394933
2200.39	0.395076
2213.09	0.39522
2225.87	0.395365
2238.72	0.395511
2251.65	0.395657
2264.64	0.395805
2277.72	0.395954
2290.87	0.396104
2304.09	0.396255
2317.39	0.396407
2330.77	0.39656
2344.23	0.396714
2357.76	0.396868
2371.37	0.397024
2385.06	0.397181
2398.83	0.397338
2412.68	0.397497
2426.61	0.397656
2440.62	0.397817
2454.71	0.397978
2468.88	0.39814
2483.13	0.398303
2497.47	0.398467
2511.89	0.398632
2526.39	0.398798
2540.97	0.398964
2555.64	0.399132
2570.4	0.3993
2585.23	0.399469
2600.16	0.399639
2615.17	0.39981
2630.27	0.399982
2645.45	0.400154
2660.73	0.400327
2676.09	0.400501
2691.53	0.400676
2707.07	0.400851
2722.7	0.401028
2738.42	0.401205
2754.23	0.401383
2770.13	0.401561
2786.12	0.401741
2802.21	0.401921
2818.38	0.402102
2834.65	0.402283
2851.02	0.402466
2867.48	0.402649
2884.03	0.402833
2900.68	0.403017
2917.43	0.403202
2934.27	0.403388
2951.21	0.403574
2968.25	0.403762
2985.38	0.403949
3002.62	0.404138
3019.95	0.404327
3037.39	0.404517
3054.92	0.404708
3072.56	0.404899
3090.3	0.40509
3108.14	0.405283
3126.08	0.405476
3144.13	0.405669
3162.28	0.405864
3180.53	0.406058
3198.9	0.406254
3217.36	0.40645
3235.94	0.406646
3254.62	0.406844
3273.41	0.407041
3292.3	0.40724
3311.31	0.407439
3330.43	0.407638
3349.65	0.407838
3368.99	0.408039
3388.44	0.40824
3408	0.408441
3427.68	0.408644
3447.47	0.408846
3467.37	0.409049
3487.39	0.409253
3507.52	0.409457
3527.77	0.409662
3548.13	0.409867
3568.62	0.410073
3589.22	0.410279
3609.94	0.410486
3630.78	0.410693
3651.74	0.410901
3672.82	0.411109
3694.03	0.411317
3715.35	0.411526
3736.8	0.411736
3758.37	0.411946
3780.07	0.412156
3801.89	0.412367
3823.84	0.412578
3845.92	0.41279
3868.12	0.413002
3890.45	0.413214
3912.91	0.413427
3935.5	0.41364
3958.22	0.413854
3981.07	0.414068
4004.05	0.414283
4027.17	0.414498
4050.42	0.414713
4073.8	0.414928
4097.32	0.415145
4120.98	0.415361
4144.77	0.415578
4168.69	0.415795
4192.76	0.416012
4216.97	0.41623
4241.31	0.416448
4265.8	0.416667
4290.42	0.416886
4315.19	0.417105
4340.1	0.417325
4365.16	0.417544
4390.36	0.417765
4415.7	0.417985
4441.2	0.418206
4466.84	0.418427
4492.62	0.418649
4518.56	0.41887
4544.65	0.419092
4570.88	0.419315
4597.27	0.419537
4623.81	0.41976
4650.5	0.419983
4677.35	0.420207
4704.35	0.420431
4731.51	0.420655
4758.83	0.420879
4786.3	0.421104
4813.93	0.421329
4841.72	0.421554
4869.68	0.421779
4897.79	0.422005
4926.06	0.42223
4954.5	0.422457
4983.1	0.422683
5011.87	0.422909
5040.81	0.423136
5069.91	0.423363
5099.18	0.42359
5128.61	0.423818
5158.22	0.424046
5188	0.424274
5217.95	0.424502
5248.07	0.42473
5278.37	0.424959
5308.84	0.425187
5339.49	0.425416
5370.32	0.425645
5401.32	0.425875
5432.5	0.426104
5463.87	0.426334
5495.41	0.426564
5527.13	0.426794
5559.04	0.427024
5591.14	0.427255
5623.41	0.427485
5655.88	0.427716
5688.53	0.427947
5721.37	0.428178
5754.4	0.428409
5787.62	0.428641
5821.03	0.428872
5854.64	0.429104
5888.44	0.429336
5922.43	0.429568
5956.62	0.4298
5991.01	0.430032
6025.6	0.430265
6060.38	0.430497
6095.37	0.43073
6130.56	0.430963
6165.95	0.431196
6201.55	0.431429
6237.35	0.431662
6273.36	0.431895
6309.57	0.432128
6346	0.432362
6382.63	0.432596
6419.48	0.432829
6456.54	0.433063
6493.82	0.433297
6531.31	0.433531
6569.01	0.433765
6606.93	0.434
6645.08	0.434234
6683.44	0.434468
6722.02	0.434703
6760.83	0.434937
6799.86	0.435172
6839.12	0.435407
6878.6	0.435642
6918.31	0.435877
6958.25	0.436111
6998.42	0.436347
7038.82	0.436582
7079.46	0.436817
7120.33	0.437052
7161.43	0.437287
7202.78	0.437523
7244.36	0.437758
7286.18	0.437994
7328.25	0.438229
7370.55	0.438465
7413.1	0.438701
7455.9	0.438936
7498.94	0.439172
7542.23	0.439408
7585.78	0.439644
7629.57	0.439879
7673.61	0.440115
7717.92	0.440351
7762.47	0.440587
7807.28	0.440823
7852.36	0.441059
7897.69	0.441295
7943.28	0.441531
7989.14	0.441768
8035.26	0.442004
8081.65	0.44224
8128.31	0.442476
8175.23	0.442712
8222.43	0.442948
8269.9	0.443185
8317.64	0.443421
8365.66	0.443657
8413.95	0.443893
8462.53	0.44413
8511.38	0.444366
8560.52	0.444602
8609.94	0.444838
8659.64	0.445075
8709.64	0.445311
8759.92	0.445547
8810.49	0.445783
8861.35	0.44602
8912.51	0.446256
8963.96	0.446492
9015.71	0.446728
9067.76	0.446965
9120.11	0.447201
9172.76	0.447437
9225.71	0.447673
9278.97	0.447909
9332.54	0.448145
9386.42	0.448382
9440.61	0.448618
9495.11	0.448854
9549.93	0.44909
9605.06	0.449326
9660.51	0.449562
9716.28	0.449798
9772.37	0.450034
9828.79	0.450269
9885.53	0.450505
9942.6	0.450741
10000	0.450977
10057.7	0.451213
10115.8	0.451448
10174.2	0.451684
10232.9	0.45192
10292	0.452155
10351.4	0.452391
10411.2	0.452626
10471.3	0.452862
10531.7	0.453097
10592.5	0.453332
10653.7	0.453568
10715.2	0.453803
10777.1	0.454038
10839.3	0.454273
10901.8	0.454508
10964.8	0.454743
11028.1	0.454978
11091.7	0.455213
11155.8	0.455448
11220.2	0.455683
11285	0.455918
11350.1	0.456152
11415.6	0.456387
11481.5	0.456621
11547.8	0.456856
11614.5	0.45709
11681.5	0.457325
11749	0.457559
11816.8	0.457793
11885	0.458027
11953.6	0.458261
12022.6	0.458495
12092.1	0.458729
12161.9	0.458963
12232.1	0.459197
12302.7	0.45943
12373.7	0.459664
12445.1	0.459897
12517	0.460131
12589.3	0.460364
12661.9	0.460597
12735	0.460831
12808.6	0.461064
12882.5	0.461297
12956.9	0.46153
13031.7	0.461763
13106.9	0.461995
13182.6	0.462228
13258.7	0.462461
13335.2	0.462693
13412.2	0.462926
13489.6	0.463158
13567.5	0.46339
13645.8	0.463622
13724.6	0.463854
13803.8	0.464086
13883.5	0.464318
13963.7	0.46455
14044.3	0.464782
14125.4	0.465013
14206.9	0.465245
14288.9	0.465476
14371.4	0.465707
14454.4	0.465938
14537.8	0.46617
14621.8	0.4664
14706.2	0.466631
14791.1	0.466862
14876.5	0.467093
14962.4	0.467323
15048.7	0.467554
15135.6	0.467784
15223	0.468014
15310.9	0.468245
15399.3	0.468475
15488.2	0.468704
15577.6	0.468934
15667.5	0.469164
15758	0.469394
15848.9	0.469623
15940.4	0.469852
16032.5	0.470082
16125	0.470311
16218.1	0.47054
16311.7	0.470769
16405.9	0.470998
16500.6	0.471226
16595.9	0.471455
16691.7	0.471683
16788	0.471912
16885	0.47214
16982.4	0.472368
17080.5	0.472596
17179.1	0.472824
17278.3	0.473052
17378	0.473279
17478.3	0.473507
17579.2	0.473734
17680.7	0.473962
17782.8	0.474189
17885.5	0.474416
17988.7	0.474643
18092.6	0.474869
18197	0.475096
18302.1	0.475323
18407.7	0.475549
18514	0.475775
18620.9	0.476001
18728.4	0.476228
18836.5	0.476453
18945.2	0.476679
19054.6	0.476905
19164.6	0.47713
19275.2	0.477356
19386.5	0.477581
19498.4	0.477806
19611	0.478031
19724.2	0.478256
19838.1	0.478481
19952.6	0.478706
20067.8	0.47893
20183.7	0.479154
20300.2	0.479379
20417.4	0.479603
20535.3	0.479827
20653.8	0.480051
20773	0.480274
20893	0.480498
21013.6	0.480721
21134.9	0.480945
21256.9	0.481168
21379.6	0.481391
21503	0.481614
21627.2	0.481836
21752	0.482059
21877.6	0.482281
22003.9	0.482504
22130.9	0.482726
22258.7	0.482948
22387.2	0.48317
22516.5	0.483392
22646.4	0.483613
22777.2	0.483835
22908.7	0.484056
23040.9	0.484278
23173.9	0.484499
23307.7	0.48472
23442.3	0.48494
23577.6	0.485161
23713.7	0.485382
23850.6	0.485602
23988.3	0.485822
24126.8	0.486042
24266.1	0.486262
24406.2	0.486482
24547.1	0.486702
24688.8	0.486921
24831.3	0.487141
24974.7	0.48736
25118.9	0.487579
25263.9	0.487798
25409.7	0.488017
25556.4	0.488236
25704	0.488454
25852.3	0.488672
26001.6	0.488891
26151.7	0.489109
26302.7	0.489327
26454.5	0.489545
26607.3	0.489762
26760.9	0.48998
26915.3	0.490197
27070.7	0.490414
27227	0.490631
27384.2	0.490848
27542.3	0.491065
27701.3	0.491282
27861.2	0.491498
28022.1	0.491714
28183.8	0.49193
28346.5	0.492147
28510.2	0.492362
28674.8	0.492578
28840.3	0.492794
29006.8	0.493009
29174.3	0.493224
29342.7	0.493439
29512.1	0.493654
29682.5	0.493869
29853.8	0.494084
30026.2	0.494298
30199.5	0.494513
30373.9	0.494727
30549.2	0.494941
30725.6	0.495155
30903	0.495369
31081.4	0.495582
31260.8	0.495796
31441.3	0.496009
31622.8	0.496222
31805.3	0.496435
31989	0.496648
32173.6	0.496861
32359.4	0.497073
32546.2	0.497285
32734.1	0.497498
32923	0.49771
33113.1	0.497922
33304.3	0.498133
33496.5	0.498345
33689.9	0.498556
33884.4	0.498768
34080	0.498979
34276.8	0.49919
34474.7	0.4994
34673.7	0.499611
34873.9	0.499822
35075.2	0.500032
35277.7	0.500242
35481.3	0.500452
35686.2	0.500662
35892.2	0.500872
36099.4	0.501081
36307.8	0.501291
36517.4	0.5015
36728.2	0.501709
36940.3	0.501918
37153.5	0.502127
37368	0.502335
37583.7	0.502544
37800.7	0.502752
38018.9	0.50296
38238.4	0.503168
38459.2	0.503376
38681.2	0.503583
38904.5	0.503791
39129.1	0.503998
39355	0.504205
39582.2	0.504412
39810.7	0.504619
40040.5	0.504826
40271.7	0.505032
40504.2	0.505239
40738	0.505445
40973.2	0.505651
41209.8	0.505857
41447.7	0.506063
41686.9	0.506268
41927.6	0.506474
42169.7	0.506679
42413.1	0.506884
42658	0.507089
42904.2	0.507294
43151.9	0.507498
43401	0.507703
43651.6	0.507907
43903.6	0.508111
44157	0.508315
44412	0.508519
44668.4	0.508722
44926.2	0.508926
45185.6	0.509129
45446.5	0.509332
45708.8	0.509535
45972.7	0.509738
46238.1	0.50994
46505	0.510143
46773.5	0.510345
47043.5	0.510547
47315.1	0.510749
47588.3	0.510951
47863	0.511153
48139.3	0.511354
48417.2	0.511556
48696.8	0.511757
48977.9	0.511958
49260.6	0.512159
49545	0.512359
49831	0.51256
50118.7	0.51276
50408.1	0.51296
50699.1	0.51316
50991.8	0.51336
51286.1	0.51356
51582.2	0.513759
51880	0.513958
52179.5	0.514158
52480.7	0.514357
52783.7	0.514555
53088.4	0.514754
53394.9	0.514953
53703.2	0.515151
54013.2	0.515349
54325	0.515547
54638.7	0.515745
54954.1	0.515943
55271.3	0.51614
55590.4	0.516337
55911.4	0.516535
56234.1	0.516732
56558.8	0.516928
56885.3	0.517125
57213.7	0.517321
57544	0.517518
57876.2	0.517714
58210.3	0.51791
58546.4	0.518106
58884.4	0.518301
59224.3	0.518497
59566.2	0.518692
59910.1	0.518887
60256	0.519082
60603.8	0.519277
60953.7	0.519472
61305.6	0.519666
61659.5	0.519861
62015.5	0.520055
62373.5	0.520249
62733.6	0.520442
63095.7	0.520636
63460	0.520829
63826.3	0.521023
64194.8	0.521216
64565.4	0.521409
64938.2	0.521602
65313.1	0.521794
65690.1	0.521987
66069.3	0.522179
66450.8	0.522371
66834.4	0.522563
67220.2	0.522755
67608.3	0.522946
67998.6	0.523138
68391.2	0.523329
68786	0.52352
69183.1	0.523711
69582.5	0.523902
69984.2	0.524092
70388.2	0.524283
70794.6	0.524473
71203.3	0.524663
71614.3	0.524853
72027.8	0.525042
72443.6	0.525232
72861.8	0.525421
73282.5	0.52561
73705.5	0.525799
74131	0.525988
74559	0.526177
74989.4	0.526365
75422.3	0.526554
75857.8	0.526742
76295.7	0.52693
76736.1	0.527118
77179.2	0.527305
77624.7	0.527493
78072.8	0.52768
78523.6	0.527867
78976.9	0.528054
79432.8	0.528241
79891.4	0.528428
80352.6	0.528614
80816.5	0.5288
81283.1	0.528986
81752.3	0.529172
82224.3	0.529358
82699	0.529544
83176.4	0.529729
83656.6	0.529914
84139.5	0.530099
84625.3	0.530284
85113.8	0.530469
85605.2	0.530653
86099.4	0.530838
86596.4	0.531022
87096.4	0.531206
87599.2	0.53139
88104.9	0.531574
88613.5	0.531757
89125.1	0.53194
89639.6	0.532124
90157.1	0.532307
90677.6	0.532489
91201.1	0.532672
91727.6	0.532854
92257.1	0.533037
92789.7	0.533219
93325.4	0.533401
93864.2	0.533582
94406.1	0.533764
94951.1	0.533945
95499.3	0.534127
96050.6	0.534308
96605.1	0.534489
97162.8	0.534669
97723.7	0.53485
98287.9	0.53503
98855.3	0.535211
99426	0.535391
100000	0.53557
100577	0.53575
101158	0.53593
101742	0.536109
102329	0.536288
102920	0.536467
103514	0.536646
104112	0.536824
104713	0.537003
105317	0.537181
105925	0.537359
106537	0.537537
107152	0.537715
107771	0.537893
108393	0.53807
109018	0.538247
109648	0.538424
110281	0.538601
110917	0.538778
111558	0.538954
112202	0.539131
112850	0.539307
113501	0.539483
114156	0.539659
114815	0.539834
115478	0.54001
116145	0.540185
116815	0.54036
117490	0.540535
118168	0.54071
118850	0.540885
119536	0.541059
120226	0.541234
120921	0.541408
121619	0.541582
122321	0.541755
123027	0.541929
123737	0.542102
124451	0.542276
125170	0.542449
125893	0.542621
126619	0.542794
127350	0.542967
128086	0.543139
128825	0.543311
129569	0.543483
130317	0.543655
131069	0.543827
131826	0.543998
132587	0.54417
133352	0.544341
134122	0.544512
134896	0.544682
135675	0.544853
136458	0.545024
137246	0.545194
138038	0.545364
138835	0.545534
139637	0.545704
140443	0.545873
141254	0.546043
142069	0.546212
142889	0.546381
143714	0.54655
144544	0.546719
145378	0.546887
146218	0.547055
147062	0.547224
147911	0.547392
148765	0.54756
149624	0.547727
150487	0.547895
151356	0.548062
152230	0.548229
153109	0.548396
153993	0.548563
154882	0.54873
155776	0.548896
156675	0.549062
157580	0.549229
158489	0.549395
159404	0.54956
160325	0.549726
161250	0.549891
162181	0.550057
163117	0.550222
164059	0.550387
165006	0.550552
165959	0.550716
166917	0.550881
167880	0.551045
168850	0.551209
169824	0.551373
170805	0.551537
171791	0.5517
172783	0.551864
173780	0.552027
174783	0.55219
175792	0.552353
176807	0.552515
177828	0.552678
178855	0.55284
179887	0.553003
180926	0.553165
181970	0.553327
183021	0.553488
184077	0.55365
185140	0.553811
186209	0.553972
187284	0.554133
188365	0.554294
189452	0.554455
190546	0.554616
191646	0.554776
192752	0.554936
193865	0.555096
194984	0.555256
196110	0.555416
197242	0.555575
198381	0.555735
199526	0.555894
200678	0.556053
201837	0.556212
203002	0.556371
204174	0.556529
205353	0.556687
206538	0.556846
207730	0.557004
208930	0.557162
210136	0.557319
211349	0.557477
212569	0.557634
213796	0.557791
215030	0.557949
216272	0.558105
217520	0.558262
218776	0.558419
220039	0.558575
221309	0.558731
222587	0.558887
223872	0.559043
225165	0.559199
226464	0.559355
227772	0.55951
229087	0.559665
230409	0.559821
231739	0.559975
233077	0.56013
234423	0.560285
235776	0.560439
237137	0.560594
238506	0.560748
239883	0.560902
241268	0.561056
242661	0.561209
244062	0.561363
245471	0.561516
246888	0.561669
248313	0.561822
249747	0.561975
251189	0.562128
252639	0.562281
254097	0.562433
255564	0.562585
257040	0.562737
258523	0.562889
260016	0.563041
261517	0.563193
263027	0.563344
264545	0.563495
266073	0.563647
267609	0.563798
269153	0.563948
270707	0.564099
272270	0.56425
273842	0.5644
275423	0.56455
277013	0.5647
278612	0.56485
280221	0.565
281838	0.56515
283465	0.565299
285102	0.565448
286748	0.565598
288403	0.565747
290068	0.565895
291743	0.566044
293427	0.566193
295121	0.566341
296825	0.566489
298538	0.566637
300262	0.566785
301995	0.566933
303739	0.567081
305492	0.567228
307256	0.567376
309030	0.567523
310814	0.56767
312608	0.567817
314413	0.567964
316228	0.56811
318053	0.568257
319890	0.568403
321736	0.568549
323594	0.568695
325462	0.568841
327341	0.568987
329230	0.569133
331131	0.569278
333043	0.569423
334965	0.569568
336899	0.569713
338844	0.569858
340800	0.570003
342768	0.570148
344747	0.570292
346737	0.570436
348739	0.570581
350752	0.570725
352777	0.570868
354813	0.571012
356862	0.571156
358922	0.571299
360994	0.571443
363078	0.571586
365174	0.571729
367282	0.571872
369403	0.572014
371535	0.572157
373680	0.5723
375837	0.572442
378007	0.572584
380189	0.572726
382384	0.572868
384592	0.57301
386812	0.573152
389045	0.573293
391291	0.573434
393550	0.573576
395822	0.573717
398107	0.573858
400405	0.573999
402717	0.574139
405042	0.57428
407380	0.57442
409732	0.574561
412098	0.574701
414477	0.574841
416869	0.574981
419276	0.57512
421697	0.57526
424131	0.575399
426580	0.575539
429042	0.575678
431519	0.575817
434010	0.575956
436516	0.576095
439036	0.576233
441570	0.576372
444120	0.57651
446684	0.576649
449262	0.576787
451856	0.576925
454465	0.577063
457088	0.5772
459727	0.577338
462381	0.577475
465050	0.577613
467735	0.57775
470435	0.577887
473151	0.578024
475883	0.578161
478630	0.578297
481393	0.578434
484172	0.57857
486968	0.578707
489779	0.578843
492606	0.578979
495450	0.579115
498310	0.579251
501187	0.579386
504081	0.579522
506991	0.579657
509918	0.579792
512861	0.579928
515822	0.580063
518800	0.580197
521795	0.580332
524807	0.580467
527837	0.580601
530884	0.580736
533949	0.58087
537032	0.581004
540132	0.581138
543250	0.581272
546387	0.581406
549541	0.581539
552713	0.581673
555904	0.581806
559114	0.58194
562341	0.582073
565588	0.582206
568853	0.582339
572137	0.582471
575440	0.582604
578762	0.582737
582103	0.582869
585464	0.583001
588844	0.583133
592243	0.583266
595662	0.583397
599101	0.583529
602560	0.583661
606038	0.583793
609537	0.583924
613056	0.584055
616595	0.584187
620155	0.584318
623735	0.584449
627336	0.584579
630957	0.58471
634600	0.584841
638263	0.584971
641948	0.585102
645654	0.585232
649382	0.585362
653131	0.585492
656901	0.585622
660693	0.585752
664508	0.585882
668344	0.586011
672202	0.586141
676083	0.58627
679986	0.586399
683912	0.586529
687860	0.586658
691831	0.586786
695825	0.586915
699842	0.587044
703882	0.587173
707946	0.587301
712033	0.587429
716143	0.587558
720278	0.587686
724436	0.587814
728618	0.587942
732825	0.588069
737055	0.588197
741310	0.588325
745590	0.588452
749894	0.58858
754223	0.588707
758578	0.588834
762957	0.588961
767361	0.589088
771792	0.589215
776247	0.589342
780728	0.589468
785236	0.589595
789769	0.589721
794328	0.589848
798914	0.589974
803526	0.5901
808165	0.590226
812831	0.590352
817523	0.590478
822243	0.590603
826990	0.590729
831764	0.590854
836566	0.59098
841395	0.591105
846253	0.59123
851138	0.591355
856052	0.59148
860994	0.591605
865964	0.59173
870964	0.591855
875992	0.591979
881049	0.592104
886135	0.592228
891251	0.592352
896396	0.592477
901571	0.592601
906776	0.592725
912011	0.592849
917276	0.592972
922571	0.593096
927897	0.59322
933254	0.593343
938642	0.593467
944061	0.59359
949511	0.593713
954993	0.593836
960506	0.593959
966051	0.594082
971628	0.594205
977237	0.594328
982879	0.594451
988553	0.594573
994260	0.594696
1e+06	0.594818
1.00577e+06	0.59494
1.01158e+06	0.595063
1.01742e+06	0.595185
1.02329e+06	0.595307
1.0292e+06	0.595429
1.03514e+06	0.595551
1.04112e+06	0.595672
1.04713e+06	0.595794
1.05317e+06	0.595916
1.05925e+06	0.596037
1.06537e+06	0.596158
1.07152e+06	0.59628
1.07771e+06	0.596401
1.08393e+06	0.596522
1.09018e+06	0.596643
1.09648e+06	0.596764
1.10281e+06	0.596885
1.10917e+06	0.597006
1.11558e+06	0.597127
1.12202e+06	0.597247
1.1285e+06	0.597368
1.13501e+06	0.597488
1.14156e+06	0.597609
1.14815e+06	0.597729
1.15478e+06	0.597849
1.16145e+06	0.597969
1.16815e+06	0.598089
1.1749e+06	0.598209
1.18168e+06	0.598329
1.1885e+06	0.598449
1.19536e+06	0.598569
1.20226e+06	0.598688
1.20921e+06	0.598808
1.21619e+06	0.598927
1.22321e+06	0.599047
1.23027e+06	0.599166
1.23737e+06	0.599285
1.24451e+06	0.599404
1.2517e+06	0.599523
1.25893e+06	0.599642
1.26619e+06	0.599662
1.2735e+06	0.599662
1.28086e+06	0.599662
1.28825e+06	0.599662
1.29569e+06	0.599662
1.30317e+06	0.599662
1.31069e+06	0.599662
1.31826e+06	0.599662
1.32587e+06	0.599662
1.33352e+06	0.599662
1.34122e+06	0.599662
1.34896e+06	0.599662
1.35675e+06	0.599662
1.36458e+06	0.599662
1.37246e+06	0.599662
1.38038e+06	0.599662
1.38835e+06	0.599662
1.39637e+06	0.599662
1.40443e+06	0.599662
1.41254e+06	0.599662
1.42069e+06	0.599662
1.42889e+06	0.599662
1.43714e+06	0.599662
1.44544e+06	0.599662
1.45378e+06	0.599662
1.46218e+06	0.599662
1.47062e+06	0.599662
1.47911e+06	0.599662
1.48765e+06	0.599662
1.49624e+06	0.599662
1.50487e+06	0.599662
1.51356e+06	0.599662
1.5223e+06	0.599662
1.53109e+06	0.599662
1.53993e+06	0.599662
1.54882e+06	0.599662
1.55776e+06	0.599662
1.56675e+06	0.599662
1.5758e+06	0.599662
1.58489e+06	0.599662
1.59404e+06	0.599662
1.60325e+06	0.599662
1.6125e+06	0.599662
1.62181e+06	0.599662
1.63117e+06	0.599662
1.64059e+06	0.599662
1.65006e+06	0.599662
1.65959e+06	0.599662
1.66917e+06	0.599662
1.6788e+06	0.599662
1.6885e+06	0.599662
1.69824e+06	0.599662
1.70805e+06	0.599662
1.71791e+06	0.599662
1.72783e+06	0.599662
1.7378e+06	0.599662
1.74783e+06	0.599662
1.75792e+06	0.599662
1.76807e+06	0.599662
1.77828e+06	0.599662
1.78855e+06	0.599662
1.79887e+06	0.599662
1.80926e+06	0.599662
1.8197e+06	0.599662
1.83021e+06	0.599662
1.84077e+06	0.599662
1.8514e+06	0.599662
1.86209e+06	0.599662
1.87284e+06	0.599662
1.88365e+06	0.599662
1.89452e+06	0.599662
1.90546e+06	0.599662
1.91646e+06	0.599662
1.92752e+06	0.599662
1.93865e+06	0.599662
1.94984e+06	0.599662
1.9611e+06	0.599662
1.97242e+06	0.599662
1.98381e+06	0.599662
1.99526e+06	0.599662
2.00678e+06	0.599662
2.01837e+06	0.599662
2.03002e+06	0.599662
2.04174e+06	0.599662
2.05353e+06	0.599662
2.06538e+06	0.599662
2.0773e+06	0.599662
2.0893e+06	0.599662
2.10136e+06	0.599662
2.11349e+06	0.599662
2.12569e+06	0.599662
2.13796e+06	0.599662
2.1503e+06	0.599662
2.16272e+06	0.599662
2.1752e+06	0.599662
2.18776e+06	0.599662
2.20039e+06	0.599662
2.21309e+06	0.599662
2.22587e+06	0.599662
2.23872e+06	0.599662
2.25165e+06	0.599662
2.26464e+06	0.599662
2.27772e+06	0.599662
2.29087e+06	0.599662
2.30409e+06	0.599662
2.31739e+06	0.599662
2.33077e+06	0.599662
2.34423e+06	0.599662
2.35776e+06	0.599662
2.37137e+06	0.599662
2.38506e+06	0.599662
2.39883e+06	0.599662
2.41268e+06	0.599662
2.42661e+06	0.599662
2.44062e+06	0.599662
2.45471e+06	0.599662
2.46888e+06	0.599662
2.48313e+06	0.599662
2.49747e+06	0.599662
2.51189e+06	0.599662
2.52639e+06	0.599662
2.54097e+06	0.599662
2.55564e+06	0.599662
2.5704e+06	0.599662
2.58523e+06	0.599662
2.60016e+06	0.599662
2.61517e+06	0.599662
2.63027e+06	0.599662
2.64545e+06	0.599662
2.66073e+06	0.599662
2.67609e+06	0.599662
2.69153e+06	0.599662
2.70707e+06	0.599662
2.7227e+06	0.599662
2.73842e+06	0.599662
2.75423e+06	0.599662
2.77013e+06	0.599662
2.78612e+06	0.599662
2.80221e+06	0.599662
2.81838e+06	0.599662
2.83465e+06	0.599662
2.85102e+06	0.599662
2.86748e+06	0.599662
2.88403e+06	0.599662
2.90068e+06	0.599662
2.91743e+06	0.599662
2.93427e+06	0.599662
2.95121e+06	0.599662
2.96825e+06	0.599662
2.98538e+06	0.599662
3.00262e+06	0.599662
3.01995e+06	0.599662
3.03739e+06	0.599662
3.05492e+06	0.599662
3.07256e+06	0.599662
3.0903e+06	0.599662
3.10814e+06	0.599662
3.12608e+06	0.599662
3.14413e+06	0.599662
3.16228e+06	0.599662
3.18053e+06	0.599662
3.1989e+06	0.599662
3.21736e+06	0.599662
3.23594e+06	0.599662
3.25462e+06	0.599662
3.27341e+06	0.599662
3.2923e+06	0.599662
3.31131e+06	0.599662
3.33043e+06	0.599662
3.34965e+06	0.599662
3.36899e+06	0.599662
3.38844e+06	0.599662
3.408e+06	0.599662
3.42768e+06	0.599662
3.44747e+06	0.599662
3.46737e+06	0.599662
3.48739e+06	0.599662
3.50752e+06	0.599662
3.52777e+06	0.599662
3.54813e+06	0.599662
3.56862e+06	0.599662
3.58922e+06	0.599662
3.60994e+06	0.599662
3.63078e+06	0.599662
3.65174e+06	0.599662
3.67282e+06	0.599662
3.69403e+06	0.599662
3.71535e+06	0.599662
3.7368e+06	0.599662
3.75837e+06	0.599662
3.78007e+06	0.599662
3.80189e+06	0.599662
3.82384e+06	0.599662
3.84592e+06	0.599662
3.86812e+06	0.599662
3.89045e+06	0.599662
3.91291e+06	0.599662
3.9355e+06	0.599662
3.95822e+06	0.599662
3.98107e+06	0.599662
4.00405e+06	0.599662
4.02717e+06	0.599662
4.05042e+06	0.599662
4.0738e+06	0.599662
4.09732e+06	0.599662
4.12098e+06	0.599662
4.14477e+06	0.599662
4.16869e+06	0.599662
4.19276e+06	0.599662
4.21697e+06	0.599662
4.24131e+06	0.599662
4.2658e+06	0.599662
4.29042e+06	0.599662
4.31519e+06	0.599662
4.3401e+06	0.599662
4.36516e+06	0.599662
4.39036e+06	0.599662
4.4157e+06	0.599662
4.4412e+06	0.599662
4.46684e+06	0.599662
4.49262e+06	0.599662
4.51856e+06	0.599662
4.54465e+06	0.599662
4.57088e+06	0.599662
4.59727e+06	0.599662
4.62381e+06	0.599662
4.6505e+06	0.599662
4.67735e+06	0.599662
4.70435e+06	0.599662
4.73151e+06	0.599662
4.75883e+06	0.599662
4.7863e+06	0.599662
4.81393e+06	0.599662
4.84172e+06	0.599662
4.86968e+06	0.599662
4.89779e+06	0.599662
4.92606e+06	0.599662
4.9545e+06	0.599662
4.9831e+06	0.599662
5.01187e+06	0.599662
5.04081e+06	0.599662
5.06991e+06	0.599662
5.09918e+06	0.599662
5.12861e+06	0.599662
5.15822e+06	0.599662
5.188e+06	0.599662
5.21795e+06	0.599662
5.24807e+06	0.599662
5.27837e+06	0.599662
5.30884e+06	0.599662
5.33949e+06	0.599662
5.37032e+06	0.599662
5.40132e+06	0.599662
5.4325e+06	0.599662
5.46387e+06	0.599662
5.49541e+06	0.599662
5.52713e+06	0.599662
5.55904e+06	0.599662
5.59114e+06	0.599662
5.62341e+06	0.599662
5.65588e+06	0.599662
5.68853e+06	0.599662
5.72137e+06	0.599662
5.7544e+06	0.599662
5.78762e+06	0.599662
5.82103e+06	0.599662
5.85464e+06	0.599662
5.88844e+06	0.599662
5.92243e+06	0.599662
5.95662e+06	0.599662
5.99101e+06	0.599662
6.0256e+06	0.599662
6.06038e+06	0.599662
6.09537e+06	0.599662
6.13056e+06	0.599662
6.16595e+06	0.599662
6.20155e+06	0.599662
6.23735e+06	0.599662
6.27336e+06	0.599662
6.30957e+06	0.599662
6.346e+06	0.599662
6.38263e+06	0.599662
6.41948e+06	0.599662
6.45654e+06	0.599662
6.49382e+06	0.599662
6.53131e+06	0.599662
6.56901e+06	0.599662
6.60693e+06	0.599662
6.64508e+06	0.599662
6.68344e+06	0.599662
6.72202e+06	0.599662
6.76083e+06	0.599662
6.79986e+06	0.599662
6.83912e+06	0.599662
6.8786e+06	0.599662
6.91831e+06	0.599662
6.95825e+06	0.599662
6.99842e+06	0.599662
7.03882e+06	0.599662
7.07946e+06	0.599662
7.12033e+06	0.599662
7.16143e+06	0.599662
7.20278e+06	0.599662
7.24436e+06	0.599662
7.28618e+06	0.599662
7.32825e+06	0.599662
7.37055e+06	0.599662
7.4131e+06	0.599662
7.4559e+06	0.599662
7.49894e+06	0.599662
7.54223e+06	0.599662
7.58578e+06	0.599662
7.62957e+06	0.599662
7.67361e+06	0.599662
7.71792e+06	0.599662
7.76247e+06	0.599662
7.80728e+06	0.599662
7.85236e+06	0.599662
7.89769e+06	0.599662
7.94328e+06	0.599662
7.98914e+06	0.599662
8.03526e+06	0.599662
8.08165e+06	0.599662
8.12831e+06	0.599662
8.17523e+06	0.599662
8.22243e+06	0.599662
8.2699e+06	0.599662
8.31764e+06	0.599662
8.36566e+06	0.599662
8.41395e+06	0.599662
8.46253e+06	0.599662
8.51138e+06	0.599662
8.56052e+06	0.599662
8.60994e+06	0.599662
8.65964e+06	0.599662
8.70964e+06	0.599662
8.75992e+06	0.599662
8.81049e+06	0.599662
8.86135e+06	0.599662
8.91251e+06	0.599662
8.96396e+06	0.599662
9.01571e+06	0.599662
9.06776e+06	0.599662
9.12011e+06	0.599662
9.17276e+06	0.599662
9.22571e+06	0.599662
9.27897e+06	0.599662
9.33254e+06	0.599662
9.38642e+06	0.599662
9.44061e+06	0.599662
9.49511e+06	0.599662
9.54993e+06	0.599662
9.60506e+06	0.599662
9.66051e+06	0.599662
9.71628e+06	0.599662
9.77237e+06	0.599662
9.82879e+06	0.599662
9.88553e+06	0.599662
9.9426e+06	0.599662
1e+07	0.599662
