Stopping power dEdx from Ionisation for e+ Z = 0 in Water, process name: eIoni
E [MeV]	dEdx [MeV/mm]
0.001	14.3201
0.00100577	14.2631
0.00101158	14.2062
0.00101742	14.1495
0.00102329	14.0929
0.0010292	14.0366
0.00103514	13.9804
0.00104112	13.9245
0.00104713	13.8687
0.00105317	13.8131
0.00105925	13.7577
0.00106537	13.7024
0.00107152	13.6474
0.00107771	13.5925
0.00108393	13.5378
0.00109018	13.4833
0.00109648	13.4289
0.00110281	13.3748
0.00110917	13.3208
0.00111558	13.267
0.00112202	13.2134
0.0011285	13.16
0.00113501	13.1068
0.00114156	13.0537
0.00114815	13.0008
0.00115478	12.9481
0.00116145	12.8956
0.00116815	12.8432
0.0011749	12.791
0.00118168	12.739
0.0011885	12.6872
0.00119536	12.6356
0.00120226	12.5841
0.00120921	12.5328
0.00121619	12.4817
0.00122321	12.4307
0.00123027	12.38
0.00123737	12.3294
0.00124451	12.279
0.0012517	12.2287
0.00125893	12.1786
0.00126619	12.1288
0.0012735	12.079
0.00128086	12.0295
0.00128825	11.9801
0.00129569	11.9309
0.00130317	11.8819
0.00131069	11.833
0.00131826	11.7843
0.00132587	11.7358
0.00133352	11.6874
0.00134122	11.6393
0.00134896	11.5913
0.00135675	11.5434
0.00136458	11.4957
0.00137246	11.4482
0.00138038	11.4009
0.00138835	11.3537
0.00139637	11.3067
0.00140443	11.2599
0.00141254	11.2132
0.00142069	11.1667
0.00142889	11.1204
0.00143714	11.0742
0.00144544	11.0282
0.00145378	10.9824
0.00146218	10.9367
0.00147062	10.8912
0.00147911	10.8459
0.00148765	10.8007
0.00149624	10.7557
0.00150487	10.7108
0.00151356	10.6661
0.0015223	10.6216
0.00153109	10.5772
0.00153993	10.533
0.00154882	10.489
0.00155776	10.4451
0.00156675	10.4014
0.0015758	10.3578
0.00158489	10.3144
0.00159404	10.2711
0.00160325	10.228
0.0016125	10.1851
0.00162181	10.1423
0.00163117	10.0997
0.00164059	10.0572
0.00165006	10.0149
0.00165959	9.97279
0.00166917	9.9308
0.0016788	9.88896
0.0016885	9.84727
0.00169824	9.80575
0.00170805	9.76437
0.00171791	9.72315
0.00172783	9.68208
0.0017378	9.64117
0.00174783	9.6004
0.00175792	9.55979
0.00176807	9.51933
0.00177828	9.47902
0.00178855	9.43887
0.00179887	9.39886
0.00180926	9.35901
0.0018197	9.3193
0.00183021	9.27974
0.00184077	9.24033
0.0018514	9.20107
0.00186209	9.16196
0.00187284	9.123
0.00188365	9.08418
0.00189452	9.04551
0.00190546	9.00698
0.00191646	8.96861
0.00192752	8.93037
0.00193865	8.89229
0.00194984	8.85434
0.0019611	8.81655
0.00197242	8.77889
0.00198381	8.74138
0.00199526	8.70402
0.00200678	8.66679
0.00201837	8.62971
0.00203002	8.59277
0.00204174	8.55597
0.00205353	8.51931
0.00206538	8.4828
0.0020773	8.44642
0.0020893	8.41019
0.00210136	8.37409
0.00211349	8.33813
0.00212569	8.30231
0.00213796	8.26663
0.0021503	8.23109
0.00216272	8.19569
0.0021752	8.16042
0.00218776	8.12529
0.00220039	8.09029
0.00221309	8.05543
0.00222587	8.02071
0.00223872	7.98612
0.00225165	7.95167
0.00226464	7.91735
0.00227772	7.88316
0.00229087	7.84911
0.00230409	7.81519
0.00231739	7.78141
0.00233077	7.74775
0.00234423	7.71423
0.00235776	7.68084
0.00237137	7.64758
0.00238506	7.61445
0.00239883	7.58145
0.00241268	7.54858
0.00242661	7.51584
0.00244062	7.48323
0.00245471	7.45075
0.00246888	7.4184
0.00248313	7.38617
0.00249747	7.35408
0.00251189	7.3221
0.00252639	7.29026
0.00254097	7.25854
0.00255564	7.22695
0.0025704	7.19548
0.00258523	7.16414
0.00260016	7.13292
0.00261517	7.10183
0.00263027	7.07086
0.00264545	7.04002
0.00266073	7.00929
0.00267609	6.97869
0.00269153	6.94822
0.00270707	6.91786
0.0027227	6.88763
0.00273842	6.85751
0.00275423	6.82752
0.00277013	6.79765
0.00278612	6.7679
0.00280221	6.73827
0.00281838	6.70875
0.00283465	6.67936
0.00285102	6.65008
0.00286748	6.62093
0.00288403	6.59188
0.00290068	6.56296
0.00291743	6.53416
0.00293427	6.50547
0.00295121	6.47689
0.00296825	6.44843
0.00298538	6.42009
0.00300262	6.39186
0.00301995	6.36375
0.00303739	6.33575
0.00305492	6.30787
0.00307256	6.28009
0.0030903	6.25243
0.00310814	6.22489
0.00312608	6.19745
0.00314413	6.17013
0.00316228	6.14292
0.00318053	6.11582
0.0031989	6.08883
0.00321736	6.06195
0.00323594	6.03518
0.00325462	6.00853
0.00327341	5.98198
0.0032923	5.95553
0.00331131	5.9292
0.00333043	5.90298
0.00334965	5.87686
0.00336899	5.85085
0.00338844	5.82495
0.003408	5.79915
0.00342768	5.77347
0.00344747	5.74788
0.00346737	5.7224
0.00348739	5.69703
0.00350752	5.67176
0.00352777	5.6466
0.00354813	5.62154
0.00356862	5.59659
0.00358922	5.57173
0.00360994	5.54698
0.00363078	5.52234
0.00365174	5.49779
0.00367282	5.47335
0.00369403	5.44901
0.00371535	5.42477
0.0037368	5.40063
0.00375837	5.37659
0.00378007	5.35265
0.00380189	5.32882
0.00382384	5.30508
0.00384592	5.28144
0.00386812	5.2579
0.00389045	5.23445
0.00391291	5.21111
0.0039355	5.18786
0.00395822	5.16471
0.00398107	5.14166
0.00400405	5.1187
0.00402717	5.09584
0.00405042	5.07308
0.0040738	5.05041
0.00409732	5.02783
0.00412098	5.00536
0.00414477	4.98297
0.00416869	4.96068
0.00419276	4.93849
0.00421697	4.91638
0.00424131	4.89437
0.0042658	4.87246
0.00429042	4.85063
0.00431519	4.8289
0.0043401	4.80726
0.00436516	4.78571
0.00439036	4.76426
0.0044157	4.74289
0.0044412	4.72161
0.00446684	4.70043
0.00449262	4.67933
0.00451856	4.65833
0.00454465	4.63741
0.00457088	4.61658
0.00459727	4.59584
0.00462381	4.57519
0.0046505	4.55462
0.00467735	4.53415
0.00470435	4.51376
0.00473151	4.49346
0.00475883	4.47324
0.0047863	4.45311
0.00481393	4.43307
0.00484172	4.41311
0.00486968	4.39324
0.00489779	4.37345
0.00492606	4.35375
0.0049545	4.33413
0.0049831	4.31459
0.00501187	4.29514
0.00504081	4.27577
0.00506991	4.25649
0.00509918	4.23729
0.00512861	4.21817
0.00515822	4.19913
0.005188	4.18017
0.00521795	4.1613
0.00524807	4.14251
0.00527837	4.12379
0.00530884	4.10516
0.00533949	4.08661
0.00537032	4.06814
0.00540132	4.04975
0.0054325	4.03144
0.00546387	4.0132
0.00549541	3.99505
0.00552713	3.97697
0.00555904	3.95898
0.00559114	3.94106
0.00562341	3.92321
0.00565588	3.90545
0.00568853	3.88776
0.00572137	3.87015
0.0057544	3.85261
0.00578762	3.83515
0.00582103	3.81777
0.00585464	3.80046
0.00588844	3.78323
0.00592243	3.76607
0.00595662	3.74899
0.00599101	3.73198
0.0060256	3.71505
0.00606038	3.69819
0.00609537	3.6814
0.00613056	3.66469
0.00616595	3.64804
0.00620155	3.63148
0.00623735	3.61498
0.00627336	3.59855
0.00630957	3.5822
0.006346	3.56592
0.00638263	3.54971
0.00641948	3.53357
0.00645654	3.5175
0.00649382	3.50151
0.00653131	3.48558
0.00656901	3.46972
0.00660693	3.45393
0.00664508	3.43821
0.00668344	3.42256
0.00672202	3.40698
0.00676083	3.39147
0.00679986	3.37603
0.00683912	3.36065
0.0068786	3.34534
0.00691831	3.3301
0.00695825	3.31492
0.00699842	3.29982
0.00703882	3.28478
0.00707946	3.2698
0.00712033	3.25489
0.00716143	3.24005
0.00720278	3.22527
0.00724436	3.21056
0.00728618	3.19591
0.00732825	3.18133
0.00737055	3.16681
0.0074131	3.15236
0.0074559	3.13797
0.00749894	3.12364
0.00754223	3.10938
0.00758578	3.09518
0.00762957	3.08105
0.00767361	3.06697
0.00771792	3.05296
0.00776247	3.03901
0.00780728	3.02513
0.00785236	3.0113
0.00789769	2.99754
0.00794328	2.98384
0.00798914	2.9702
0.00803526	2.95662
0.00808165	2.9431
0.00812831	2.92964
0.00817523	2.91624
0.00822243	2.9029
0.0082699	2.88962
0.00831764	2.87639
0.00836566	2.86323
0.00841395	2.85013
0.00846253	2.83708
0.00851138	2.8241
0.00856052	2.81117
0.00860994	2.7983
0.00865964	2.78549
0.00870964	2.77273
0.00875992	2.76003
0.00881049	2.74739
0.00886135	2.73481
0.00891251	2.72228
0.00896396	2.70981
0.00901571	2.69739
0.00906776	2.68503
0.00912011	2.67272
0.00917276	2.66047
0.00922571	2.64828
0.00927897	2.63614
0.00933254	2.62405
0.00938642	2.61202
0.00944061	2.60005
0.00949511	2.58812
0.00954993	2.57626
0.00960506	2.56444
0.00966051	2.55268
0.00971628	2.54097
0.00977237	2.52931
0.00982879	2.51771
0.00988553	2.50616
0.0099426	2.49466
0.01	2.48321
0.0100577	2.47182
0.0101158	2.46047
0.0101742	2.44918
0.0102329	2.43794
0.010292	2.42675
0.0103514	2.41561
0.0104112	2.40452
0.0104713	2.39348
0.0105317	2.38249
0.0105925	2.37156
0.0106537	2.36067
0.0107152	2.34983
0.0107771	2.33904
0.0108393	2.32829
0.0109018	2.3176
0.0109648	2.30696
0.0110281	2.29636
0.0110917	2.28582
0.0111558	2.27532
0.0112202	2.26486
0.011285	2.25446
0.0113501	2.2441
0.0114156	2.2338
0.0114815	2.22353
0.0115478	2.21332
0.0116145	2.20315
0.0116815	2.19303
0.011749	2.18295
0.0118168	2.17292
0.011885	2.16294
0.0119536	2.153
0.0120226	2.1431
0.0120921	2.13326
0.0121619	2.12345
0.0122321	2.1137
0.0123027	2.10398
0.0123737	2.09431
0.0124451	2.08469
0.012517	2.07511
0.0125893	2.06557
0.0126619	2.05608
0.012735	2.04663
0.0128086	2.03723
0.0128825	2.02787
0.0129569	2.01855
0.0130317	2.00927
0.0131069	2.00004
0.0131826	1.99085
0.0132587	1.9817
0.0133352	1.97259
0.0134122	1.96352
0.0134896	1.9545
0.0135675	1.94552
0.0136458	1.93658
0.0137246	1.92768
0.0138038	1.91882
0.0138835	1.91001
0.0139637	1.90123
0.0140443	1.89249
0.0141254	1.8838
0.0142069	1.87514
0.0142889	1.86653
0.0143714	1.85795
0.0144544	1.84942
0.0145378	1.84092
0.0146218	1.83247
0.0147062	1.82405
0.0147911	1.81567
0.0148765	1.80733
0.0149624	1.79903
0.0150487	1.79077
0.0151356	1.78254
0.015223	1.77436
0.0153109	1.76621
0.0153993	1.7581
0.0154882	1.75002
0.0155776	1.74199
0.0156675	1.73399
0.015758	1.72603
0.0158489	1.71811
0.0159404	1.71022
0.0160325	1.70237
0.016125	1.69456
0.0162181	1.68678
0.0163117	1.67904
0.0164059	1.67134
0.0165006	1.66367
0.0165959	1.65603
0.0166917	1.64844
0.016788	1.64087
0.016885	1.63335
0.0169824	1.62586
0.0170805	1.6184
0.0171791	1.61098
0.0172783	1.60359
0.017378	1.59624
0.0174783	1.58892
0.0175792	1.58164
0.0176807	1.57439
0.0177828	1.56717
0.0178855	1.55999
0.0179887	1.55284
0.0180926	1.54573
0.018197	1.53865
0.0183021	1.5316
0.0184077	1.52458
0.018514	1.5176
0.0186209	1.51065
0.0187284	1.50373
0.0188365	1.49685
0.0189452	1.49
0.0190546	1.48318
0.0191646	1.47639
0.0192752	1.46964
0.0193865	1.46291
0.0194984	1.45622
0.019611	1.44956
0.0197242	1.44293
0.0198381	1.43633
0.0199526	1.42976
0.0200678	1.42323
0.0201837	1.41672
0.0203002	1.41025
0.0204174	1.4038
0.0205353	1.39739
0.0206538	1.39101
0.020773	1.38465
0.020893	1.37833
0.0210136	1.37204
0.0211349	1.36577
0.0212569	1.35954
0.0213796	1.35334
0.021503	1.34716
0.0216272	1.34102
0.021752	1.3349
0.0218776	1.32881
0.0220039	1.32275
0.0221309	1.31672
0.0222587	1.31072
0.0223872	1.30475
0.0225165	1.2988
0.0226464	1.29289
0.0227772	1.287
0.0229087	1.28114
0.0230409	1.27531
0.0231739	1.2695
0.0233077	1.26372
0.0234423	1.25798
0.0235776	1.25225
0.0237137	1.24656
0.0238506	1.24089
0.0239883	1.23525
0.0241268	1.22963
0.0242661	1.22405
0.0244062	1.21849
0.0245471	1.21295
0.0246888	1.20744
0.0248313	1.20196
0.0249747	1.19651
0.0251189	1.19108
0.0252639	1.18568
0.0254097	1.1803
0.0255564	1.17495
0.025704	1.16962
0.0258523	1.16432
0.0260016	1.15904
0.0261517	1.15379
0.0263027	1.14857
0.0264545	1.14337
0.0266073	1.13819
0.0267609	1.13304
0.0269153	1.12792
0.0270707	1.12282
0.027227	1.11774
0.0273842	1.11269
0.0275423	1.10766
0.0277013	1.10266
0.0278612	1.09768
0.0280221	1.09272
0.0281838	1.08779
0.0283465	1.08288
0.0285102	1.07799
0.0286748	1.07313
0.0288403	1.0683
0.0290068	1.06348
0.0291743	1.05869
0.0293427	1.05392
0.0295121	1.04918
0.0296825	1.04445
0.0298538	1.03975
0.0300262	1.03508
0.0301995	1.03042
0.0303739	1.02579
0.0305492	1.02118
0.0307256	1.01659
0.030903	1.01203
0.0310814	1.00748
0.0312608	1.00296
0.0314413	0.998464
0.0316228	0.993986
0.0318053	0.98953
0.031989	0.985096
0.0321736	0.980683
0.0323594	0.976292
0.0325462	0.971922
0.0327341	0.967573
0.032923	0.963245
0.0331131	0.958938
0.0333043	0.954652
0.0334965	0.950386
0.0336899	0.946142
0.0338844	0.941918
0.03408	0.937715
0.0342768	0.933532
0.0344747	0.929369
0.0346737	0.925227
0.0348739	0.921104
0.0350752	0.917002
0.0352777	0.91292
0.0354813	0.908858
0.0356862	0.904815
0.0358922	0.900792
0.0360994	0.896789
0.0363078	0.892805
0.0365174	0.888841
0.0367282	0.884896
0.0369403	0.880971
0.0371535	0.877064
0.037368	0.873177
0.0375837	0.869308
0.0378007	0.865459
0.0380189	0.861628
0.0382384	0.857816
0.0384592	0.854023
0.0386812	0.850248
0.0389045	0.846492
0.0391291	0.842754
0.039355	0.839034
0.0395822	0.835333
0.0398107	0.83165
0.0400405	0.827985
0.0402717	0.824338
0.0405042	0.820709
0.040738	0.817097
0.0409732	0.813504
0.0412098	0.809928
0.0414477	0.806369
0.0416869	0.802829
0.0419276	0.799305
0.0421697	0.795799
0.0424131	0.79231
0.042658	0.788838
0.0429042	0.785384
0.0431519	0.781946
0.043401	0.778526
0.0436516	0.775122
0.0439036	0.771735
0.044157	0.768365
0.044412	0.765011
0.0446684	0.761674
0.0449262	0.758354
0.0451856	0.755049
0.0454465	0.751762
0.0457088	0.74849
0.0459727	0.745235
0.0462381	0.741996
0.046505	0.738772
0.0467735	0.735565
0.0470435	0.732374
0.0473151	0.729198
0.0475883	0.726039
0.047863	0.722895
0.0481393	0.719766
0.0484172	0.716653
0.0486968	0.713556
0.0489779	0.710474
0.0492606	0.707407
0.049545	0.704355
0.049831	0.701319
0.0501187	0.698298
0.0504081	0.695292
0.0506991	0.6923
0.0509918	0.689324
0.0512861	0.686363
0.0515822	0.683416
0.05188	0.680484
0.0521795	0.677566
0.0524807	0.674664
0.0527837	0.671775
0.0530884	0.668901
0.0533949	0.666042
0.0537032	0.663197
0.0540132	0.660366
0.054325	0.657549
0.0546387	0.654746
0.0549541	0.651957
0.0552713	0.649183
0.0555904	0.646422
0.0559114	0.643675
0.0562341	0.640942
0.0565588	0.638222
0.0568853	0.635516
0.0572137	0.632824
0.057544	0.630146
0.0578762	0.62748
0.0582103	0.624828
0.0585464	0.62219
0.0588844	0.619565
0.0592243	0.616953
0.0595662	0.614354
0.0599101	0.611768
0.060256	0.609196
0.0606038	0.606636
0.0609537	0.604089
0.0613056	0.601555
0.0616595	0.599034
0.0620155	0.596526
0.0623735	0.59403
0.0627336	0.591547
0.0630957	0.589076
0.06346	0.586618
0.0638263	0.584173
0.0641948	0.58174
0.0645654	0.579319
0.0649382	0.57691
0.0653131	0.574514
0.0656901	0.57213
0.0660693	0.569757
0.0664508	0.567397
0.0668344	0.565049
0.0672202	0.562713
0.0676083	0.560389
0.0679986	0.558077
0.0683912	0.555776
0.068786	0.553487
0.0691831	0.55121
0.0695825	0.548944
0.0699842	0.54669
0.0703882	0.544448
0.0707946	0.542217
0.0712033	0.539997
0.0716143	0.537789
0.0720278	0.535592
0.0724436	0.533406
0.0728618	0.531231
0.0732825	0.529068
0.0737055	0.526916
0.074131	0.524774
0.074559	0.522644
0.0749894	0.520524
0.0754223	0.518416
0.0758578	0.516318
0.0762957	0.514231
0.0767361	0.512155
0.0771792	0.51009
0.0776247	0.508035
0.0780728	0.505991
0.0785236	0.503957
0.0789769	0.501934
0.0794328	0.499921
0.0798914	0.497918
0.0803526	0.495926
0.0808165	0.493944
0.0812831	0.491973
0.0817523	0.490012
0.0822243	0.48806
0.082699	0.486119
0.0831764	0.484188
0.0836566	0.482267
0.0841395	0.480356
0.0846253	0.478455
0.0851138	0.476564
0.0856052	0.474682
0.0860994	0.472811
0.0865964	0.470949
0.0870964	0.469097
0.0875992	0.467254
0.0881049	0.465421
0.0886135	0.463598
0.0891251	0.461784
0.0896396	0.459979
0.0901571	0.458184
0.0906776	0.456399
0.0912011	0.454623
0.0917276	0.452856
0.0922571	0.451098
0.0927897	0.449349
0.0933254	0.44761
0.0938642	0.44588
0.0944061	0.444159
0.0949511	0.442446
0.0954993	0.440743
0.0960506	0.439049
0.0966051	0.437364
0.0971628	0.435688
0.0977237	0.43402
0.0982879	0.432361
0.0988553	0.430711
0.099426	0.42907
0.1	0.427438
0.100577	0.425814
0.101158	0.424198
0.101742	0.422591
0.102329	0.420993
0.10292	0.419403
0.103514	0.417822
0.104112	0.416249
0.104713	0.414684
0.105317	0.413128
0.105925	0.41158
0.106537	0.41004
0.107152	0.408508
0.107771	0.406985
0.108393	0.40547
0.109018	0.403962
0.109648	0.402463
0.110281	0.400972
0.110917	0.399489
0.111558	0.398013
0.112202	0.396546
0.11285	0.395087
0.113501	0.393635
0.114156	0.392191
0.114815	0.390755
0.115478	0.389327
0.116145	0.387906
0.116815	0.386493
0.11749	0.385087
0.118168	0.383689
0.11885	0.382299
0.119536	0.380916
0.120226	0.379541
0.120921	0.378173
0.121619	0.376813
0.122321	0.375459
0.123027	0.374114
0.123737	0.372775
0.124451	0.371444
0.12517	0.37012
0.125893	0.368803
0.126619	0.367494
0.12735	0.366191
0.128086	0.364896
0.128825	0.363608
0.129569	0.362326
0.130317	0.361052
0.131069	0.359785
0.131826	0.358525
0.132587	0.357271
0.133352	0.356025
0.134122	0.354785
0.134896	0.353552
0.135675	0.352326
0.136458	0.351107
0.137246	0.349894
0.138038	0.348688
0.138835	0.347489
0.139637	0.346296
0.140443	0.34511
0.141254	0.343931
0.142069	0.342758
0.142889	0.341592
0.143714	0.340432
0.144544	0.339278
0.145378	0.338131
0.146218	0.33699
0.147062	0.335856
0.147911	0.334728
0.148765	0.333606
0.149624	0.332491
0.150487	0.331382
0.151356	0.330279
0.15223	0.329182
0.153109	0.328091
0.153993	0.327007
0.154882	0.325928
0.155776	0.324856
0.156675	0.32379
0.15758	0.32273
0.158489	0.321675
0.159404	0.320627
0.160325	0.319585
0.16125	0.318548
0.162181	0.317518
0.163117	0.316493
0.164059	0.315474
0.165006	0.314461
0.165959	0.313454
0.166917	0.312452
0.16788	0.311456
0.16885	0.310466
0.169824	0.309481
0.170805	0.308503
0.171791	0.307529
0.172783	0.306562
0.17378	0.3056
0.174783	0.304643
0.175792	0.303692
0.176807	0.302746
0.177828	0.301806
0.178855	0.300872
0.179887	0.299942
0.180926	0.299019
0.18197	0.2981
0.183021	0.297187
0.184077	0.296279
0.18514	0.295377
0.186209	0.294479
0.187284	0.293587
0.188365	0.2927
0.189452	0.291819
0.190546	0.290942
0.191646	0.290071
0.192752	0.289205
0.193865	0.288344
0.194984	0.287488
0.19611	0.286637
0.197242	0.285791
0.198381	0.28495
0.199526	0.284114
0.200678	0.283283
0.201837	0.282457
0.203002	0.281636
0.204174	0.28082
0.205353	0.280009
0.206538	0.279202
0.20773	0.2784
0.20893	0.277604
0.210136	0.276812
0.211349	0.276024
0.212569	0.275242
0.213796	0.274464
0.21503	0.273691
0.216272	0.272922
0.21752	0.272158
0.218776	0.271399
0.220039	0.270645
0.221309	0.269895
0.222587	0.269149
0.223872	0.268409
0.225165	0.267672
0.226464	0.26694
0.227772	0.266213
0.229087	0.26549
0.230409	0.264772
0.231739	0.264058
0.233077	0.263348
0.234423	0.262643
0.235776	0.261942
0.237137	0.261246
0.238506	0.260554
0.239883	0.259866
0.241268	0.259182
0.242661	0.258503
0.244062	0.257828
0.245471	0.257157
0.246888	0.256491
0.248313	0.255828
0.249747	0.25517
0.251189	0.254516
0.252639	0.253866
0.254097	0.25322
0.255564	0.252579
0.25704	0.251941
0.258523	0.251307
0.260016	0.250678
0.261517	0.250052
0.263027	0.249431
0.264545	0.248813
0.266073	0.2482
0.267609	0.24759
0.269153	0.246985
0.270707	0.246383
0.27227	0.245785
0.273842	0.245191
0.275423	0.244601
0.277013	0.244015
0.278612	0.243433
0.280221	0.242854
0.281838	0.242279
0.283465	0.241708
0.285102	0.241141
0.286748	0.240577
0.288403	0.240018
0.290068	0.239461
0.291743	0.238909
0.293427	0.23836
0.295121	0.237815
0.296825	0.237274
0.298538	0.236736
0.300262	0.236202
0.301995	0.235671
0.303739	0.235144
0.305492	0.234621
0.307256	0.234101
0.30903	0.233585
0.310814	0.233072
0.312608	0.232562
0.314413	0.232056
0.316228	0.231554
0.318053	0.231055
0.31989	0.23056
0.321736	0.230067
0.323594	0.229579
0.325462	0.229093
0.327341	0.228611
0.32923	0.228133
0.331131	0.227658
0.333043	0.227186
0.334965	0.226717
0.336899	0.226252
0.338844	0.22579
0.3408	0.225331
0.342768	0.224875
0.344747	0.224423
0.346737	0.223974
0.348739	0.223528
0.350752	0.223086
0.352777	0.222646
0.354813	0.22221
0.356862	0.221777
0.358922	0.221347
0.360994	0.22092
0.363078	0.220496
0.365174	0.220075
0.367282	0.219658
0.369403	0.219243
0.371535	0.218832
0.37368	0.218423
0.375837	0.218018
0.378007	0.217615
0.380189	0.217216
0.382384	0.216819
0.384592	0.216426
0.386812	0.216035
0.389045	0.215648
0.391291	0.215263
0.39355	0.214881
0.395822	0.214503
0.398107	0.214127
0.400405	0.213754
0.402717	0.213383
0.405042	0.213016
0.40738	0.212651
0.409732	0.21229
0.412098	0.211931
0.414477	0.211575
0.416869	0.211222
0.419276	0.210871
0.421697	0.210523
0.424131	0.210178
0.42658	0.209836
0.429042	0.209496
0.431519	0.20916
0.43401	0.208825
0.436516	0.208494
0.439036	0.208165
0.44157	0.207839
0.44412	0.207516
0.446684	0.207195
0.449262	0.206877
0.451856	0.206561
0.454465	0.206248
0.457088	0.205938
0.459727	0.20563
0.462381	0.205324
0.46505	0.205022
0.467735	0.204722
0.470435	0.204424
0.473151	0.204129
0.475883	0.203836
0.47863	0.203546
0.481393	0.203258
0.484172	0.202973
0.486968	0.202691
0.489779	0.20241
0.492606	0.202133
0.49545	0.201857
0.49831	0.201584
0.501187	0.201314
0.504081	0.201045
0.506991	0.200779
0.509918	0.200505
0.512861	0.200233
0.515822	0.199963
0.5188	0.199695
0.521795	0.199429
0.524807	0.199166
0.527837	0.198905
0.530884	0.198646
0.533949	0.198389
0.537032	0.198134
0.540132	0.197882
0.54325	0.197631
0.546387	0.197383
0.549541	0.197137
0.552713	0.196893
0.555904	0.196651
0.559114	0.196412
0.562341	0.196174
0.565588	0.195938
0.568853	0.195705
0.572137	0.195473
0.57544	0.195244
0.578762	0.195016
0.582103	0.194791
0.585464	0.194568
0.588844	0.194346
0.592243	0.194127
0.595662	0.193909
0.599101	0.193694
0.60256	0.193481
0.606038	0.193269
0.609537	0.193059
0.613056	0.192852
0.616595	0.192646
0.620155	0.192442
0.623735	0.19224
0.627336	0.19204
0.630957	0.191842
0.6346	0.191646
0.638263	0.191452
0.641948	0.191259
0.645654	0.191068
0.649382	0.190879
0.653131	0.190692
0.656901	0.190507
0.660693	0.190324
0.664508	0.190142
0.668344	0.189962
0.672202	0.189784
0.676083	0.189608
0.679986	0.189434
0.683912	0.189261
0.68786	0.18909
0.691831	0.188921
0.695825	0.188753
0.699842	0.188587
0.703882	0.188423
0.707946	0.188261
0.712033	0.1881
0.716143	0.187941
0.720278	0.187784
0.724436	0.187628
0.728618	0.187474
0.732825	0.187321
0.737055	0.187171
0.74131	0.187022
0.74559	0.186874
0.749894	0.186728
0.754223	0.186584
0.758578	0.186441
0.762957	0.1863
0.767361	0.18616
0.771792	0.186022
0.776247	0.185886
0.780728	0.185751
0.785236	0.185618
0.789769	0.185486
0.794328	0.185356
0.798914	0.185227
0.803526	0.185099
0.808165	0.184974
0.812831	0.184849
0.817523	0.184727
0.822243	0.184605
0.82699	0.184485
0.831764	0.184367
0.836566	0.18425
0.841395	0.184135
0.846253	0.18402
0.851138	0.183908
0.856052	0.183797
0.860994	0.183687
0.865964	0.183578
0.870964	0.183471
0.875992	0.183366
0.881049	0.183261
0.886135	0.183158
0.891251	0.183057
0.896396	0.182957
0.901571	0.182858
0.906776	0.18276
0.912011	0.182664
0.917276	0.182569
0.922571	0.182476
0.927897	0.182384
0.933254	0.182293
0.938642	0.182203
0.944061	0.182115
0.949511	0.182027
0.954993	0.181942
0.960506	0.181857
0.966051	0.181774
0.971628	0.181692
0.977237	0.181611
0.982879	0.181531
0.988553	0.181453
0.99426	0.181376
1	0.1813
1.00577	0.181225
1.01158	0.181152
1.01742	0.181079
1.02329	0.181008
1.0292	0.180938
1.03514	0.180869
1.04112	0.180801
1.04713	0.180735
1.05317	0.180669
1.05925	0.180605
1.06537	0.180542
1.07152	0.18048
1.07771	0.180419
1.08393	0.180359
1.09018	0.180301
1.09648	0.180243
1.10281	0.180187
1.10917	0.180131
1.11558	0.180077
1.12202	0.180024
1.1285	0.179971
1.13501	0.17992
1.14156	0.17987
1.14815	0.179821
1.15478	0.179773
1.16145	0.179726
1.16815	0.17968
1.1749	0.179635
1.18168	0.179591
1.1885	0.179548
1.19536	0.179506
1.20226	0.179465
1.20921	0.179425
1.21619	0.179385
1.22321	0.179347
1.23027	0.17931
1.23737	0.179274
1.24451	0.179239
1.2517	0.179204
1.25893	0.179171
1.26619	0.179139
1.2735	0.179107
1.28086	0.179076
1.28825	0.179047
1.29569	0.179018
1.30317	0.17899
1.31069	0.178963
1.31826	0.178937
1.32587	0.178912
1.33352	0.178887
1.34122	0.178864
1.34896	0.178841
1.35675	0.178819
1.36458	0.178798
1.37246	0.178778
1.38038	0.178759
1.38835	0.17874
1.39637	0.178723
1.40443	0.178706
1.41254	0.17869
1.42069	0.178675
1.42889	0.17866
1.43714	0.178646
1.44544	0.178634
1.45378	0.178622
1.46218	0.17861
1.47062	0.1786
1.47911	0.17859
1.48765	0.178581
1.49624	0.178573
1.50487	0.178565
1.51356	0.178559
1.5223	0.178553
1.53109	0.178547
1.53993	0.178543
1.54882	0.178539
1.55776	0.178536
1.56675	0.178533
1.5758	0.178532
1.58489	0.178531
1.59404	0.17853
1.60325	0.178531
1.6125	0.178532
1.62181	0.178533
1.63117	0.178536
1.64059	0.178539
1.65006	0.178543
1.65959	0.178547
1.66917	0.178552
1.6788	0.178558
1.6885	0.178564
1.69824	0.178571
1.70805	0.178579
1.71791	0.178587
1.72783	0.178596
1.7378	0.178605
1.74783	0.178615
1.75792	0.178626
1.76807	0.178637
1.77828	0.178649
1.78855	0.178661
1.79887	0.178674
1.80926	0.178688
1.8197	0.178702
1.83021	0.178717
1.84077	0.178732
1.8514	0.178748
1.86209	0.178764
1.87284	0.178781
1.88365	0.178799
1.89452	0.178817
1.90546	0.178836
1.91646	0.178855
1.92752	0.178874
1.93865	0.178895
1.94984	0.178915
1.9611	0.178936
1.97242	0.178958
1.98381	0.17898
1.99526	0.179003
2.00678	0.179026
2.01837	0.17905
2.03002	0.179074
2.04174	0.179099
2.05353	0.179124
2.06538	0.17915
2.0773	0.179176
2.0893	0.179203
2.10136	0.17923
2.11349	0.179257
2.12569	0.179285
2.13796	0.179313
2.1503	0.179342
2.16272	0.179372
2.1752	0.179401
2.18776	0.179431
2.20039	0.179462
2.21309	0.179493
2.22587	0.179525
2.23872	0.179556
2.25165	0.179589
2.26464	0.179621
2.27772	0.179654
2.29087	0.179688
2.30409	0.179722
2.31739	0.179756
2.33077	0.179791
2.34423	0.179826
2.35776	0.179861
2.37137	0.179897
2.38506	0.179933
2.39883	0.17997
2.41268	0.180006
2.42661	0.180044
2.44062	0.180081
2.45471	0.180119
2.46888	0.180158
2.48313	0.180196
2.49747	0.180235
2.51189	0.180275
2.52639	0.180314
2.54097	0.180354
2.55564	0.180395
2.5704	0.180436
2.58523	0.180477
2.60016	0.180518
2.61517	0.18056
2.63027	0.180602
2.64545	0.180644
2.66073	0.180686
2.67609	0.180729
2.69153	0.180772
2.70707	0.180816
2.7227	0.18086
2.73842	0.180904
2.75423	0.180948
2.77013	0.180993
2.78612	0.181038
2.80221	0.181083
2.81838	0.181128
2.83465	0.181174
2.85102	0.18122
2.86748	0.181266
2.88403	0.181313
2.90068	0.18136
2.91743	0.181407
2.93427	0.181454
2.95121	0.181502
2.96825	0.181549
2.98538	0.181597
3.00262	0.181646
3.01995	0.181694
3.03739	0.181743
3.05492	0.181792
3.07256	0.181841
3.0903	0.181891
3.10814	0.18194
3.12608	0.18199
3.14413	0.18204
3.16228	0.182091
3.18053	0.182141
3.1989	0.182192
3.21736	0.182243
3.23594	0.182294
3.25462	0.182345
3.27341	0.182397
3.2923	0.182449
3.31131	0.1825
3.33043	0.182553
3.34965	0.182605
3.36899	0.182657
3.38844	0.18271
3.408	0.182763
3.42768	0.182816
3.44747	0.182869
3.46737	0.182923
3.48739	0.182976
3.50752	0.18303
3.52777	0.183084
3.54813	0.183138
3.56862	0.183192
3.58922	0.183247
3.60994	0.183301
3.63078	0.183356
3.65174	0.183411
3.67282	0.183466
3.69403	0.183521
3.71535	0.183576
3.7368	0.183632
3.75837	0.183687
3.78007	0.183743
3.80189	0.183799
3.82384	0.183855
3.84592	0.183911
3.86812	0.183967
3.89045	0.184024
3.91291	0.18408
3.9355	0.184137
3.95822	0.184194
3.98107	0.184251
4.00405	0.184308
4.02717	0.184365
4.05042	0.184422
4.0738	0.184479
4.09732	0.184537
4.12098	0.184594
4.14477	0.184652
4.16869	0.18471
4.19276	0.184768
4.21697	0.184826
4.24131	0.184884
4.2658	0.184942
4.29042	0.185
4.31519	0.185059
4.3401	0.185117
4.36516	0.185176
4.39036	0.185234
4.4157	0.185293
4.4412	0.185352
4.46684	0.185411
4.49262	0.18547
4.51856	0.185529
4.54465	0.185588
4.57088	0.185647
4.59727	0.185707
4.62381	0.185766
4.6505	0.185825
4.67735	0.185885
4.70435	0.185945
4.73151	0.186004
4.75883	0.186064
4.7863	0.186124
4.81393	0.186184
4.84172	0.186243
4.86968	0.186303
4.89779	0.186363
4.92606	0.186424
4.9545	0.186484
4.9831	0.186544
5.01187	0.186604
5.04081	0.186664
5.06991	0.186725
5.09918	0.186785
5.12861	0.186846
5.15822	0.186906
5.188	0.186967
5.21795	0.187027
5.24807	0.187088
5.27837	0.187148
5.30884	0.187209
5.33949	0.18727
5.37032	0.187331
5.40132	0.187391
5.4325	0.187452
5.46387	0.187513
5.49541	0.187574
5.52713	0.187635
5.55904	0.187696
5.59114	0.187757
5.62341	0.187818
5.65588	0.187879
5.68853	0.18794
5.72137	0.188001
5.7544	0.188062
5.78762	0.188123
5.82103	0.188185
5.85464	0.188246
5.88844	0.188307
5.92243	0.188368
5.95662	0.188429
5.99101	0.188491
6.0256	0.188552
6.06038	0.188613
6.09537	0.188674
6.13056	0.188736
6.16595	0.188797
6.20155	0.188858
6.23735	0.18892
6.27336	0.188981
6.30957	0.189042
6.346	0.189104
6.38263	0.189165
6.41948	0.189226
6.45654	0.189288
6.49382	0.189349
6.53131	0.18941
6.56901	0.189472
6.60693	0.189533
6.64508	0.189594
6.68344	0.189656
6.72202	0.189717
6.76083	0.189778
6.79986	0.18984
6.83912	0.189901
6.8786	0.189962
6.91831	0.190023
6.95825	0.190085
6.99842	0.190146
7.03882	0.190207
7.07946	0.190269
7.12033	0.19033
7.16143	0.190391
7.20278	0.190452
7.24436	0.190513
7.28618	0.190575
7.32825	0.190636
7.37055	0.190697
7.4131	0.190758
7.4559	0.190819
7.49894	0.19088
7.54223	0.190941
7.58578	0.191002
7.62957	0.191063
7.67361	0.191125
7.71792	0.191186
7.76247	0.191246
7.80728	0.191307
7.85236	0.191368
7.89769	0.191429
7.94328	0.19149
7.98914	0.191551
8.03526	0.191612
8.08165	0.191673
8.12831	0.191733
8.17523	0.191794
8.22243	0.191855
8.2699	0.191916
8.31764	0.191976
8.36566	0.192037
8.41395	0.192098
8.46253	0.192158
8.51138	0.192219
8.56052	0.192279
8.60994	0.19234
8.65964	0.1924
8.70964	0.192461
8.75992	0.192521
8.81049	0.192581
8.86135	0.192642
8.91251	0.192702
8.96396	0.192762
9.01571	0.192823
9.06776	0.192883
9.12011	0.192943
9.17276	0.193003
9.22571	0.193063
9.27897	0.193123
9.33254	0.193183
9.38642	0.193243
9.44061	0.193303
9.49511	0.193363
9.54993	0.193423
9.60506	0.193483
9.66051	0.193542
9.71628	0.193602
9.77237	0.193662
9.82879	0.193722
9.88553	0.193781
9.9426	0.193841
10	0.1939
10.0577	0.19396
10.1158	0.194019
10.1742	0.194079
10.2329	0.194138
10.292	0.194197
10.3514	0.194257
10.4112	0.194316
10.4713	0.194375
10.5317	0.194434
10.5925	0.194493
10.6537	0.194552
10.7152	0.194611
10.7771	0.19467
10.8393	0.194729
10.9018	0.194788
10.9648	0.194847
11.0281	0.194906
11.0917	0.194965
11.1558	0.195023
11.2202	0.195082
11.285	0.195141
11.3501	0.195199
11.4156	0.195258
11.4815	0.195316
11.5478	0.195375
11.6145	0.195433
11.6815	0.195491
11.749	0.19555
11.8168	0.195608
11.885	0.195666
11.9536	0.195724
12.0226	0.195782
12.0921	0.19584
12.1619	0.195898
12.2321	0.195956
12.3027	0.196014
12.3737	0.196072
12.4451	0.19613
12.517	0.196188
12.5893	0.196245
12.6619	0.196303
12.735	0.196361
12.8086	0.196418
12.8825	0.196476
12.9569	0.196533
13.0317	0.196591
13.1069	0.196648
13.1826	0.196705
13.2587	0.196763
13.3352	0.19682
13.4122	0.196877
13.4896	0.196934
13.5675	0.196991
13.6458	0.197048
13.7246	0.197105
13.8038	0.197162
13.8835	0.197219
13.9637	0.197276
14.0443	0.197333
14.1254	0.197389
14.2069	0.197446
14.2889	0.197503
14.3714	0.197559
14.4544	0.197616
14.5378	0.197672
14.6218	0.197729
14.7062	0.197785
14.7911	0.197841
14.8765	0.197898
14.9624	0.197954
15.0487	0.19801
15.1356	0.198066
15.223	0.198122
15.3109	0.198178
15.3993	0.198234
15.4882	0.19829
15.5776	0.198346
15.6675	0.198402
15.758	0.198458
15.8489	0.198513
15.9404	0.198569
16.0325	0.198625
16.125	0.19868
16.2181	0.198736
16.3117	0.198791
16.4059	0.198847
16.5006	0.198902
16.5959	0.198958
16.6917	0.199013
16.788	0.199068
16.885	0.199123
16.9824	0.199178
17.0805	0.199234
17.1791	0.199289
17.2783	0.199344
17.378	0.199399
17.4783	0.199453
17.5792	0.199508
17.6807	0.199563
17.7828	0.199618
17.8855	0.199673
17.9887	0.199727
18.0926	0.199782
18.197	0.199836
18.3021	0.199891
18.4077	0.199945
18.514	0.2
18.6209	0.200054
18.7284	0.200109
18.8365	0.200163
18.9452	0.200217
19.0546	0.200271
19.1646	0.200325
19.2752	0.200379
19.3865	0.200434
19.4984	0.200488
19.611	0.200542
19.7242	0.200595
19.8381	0.200649
19.9526	0.200703
20.0678	0.200757
20.1837	0.200811
20.3002	0.200864
20.4174	0.200918
20.5353	0.200972
20.6538	0.201025
20.773	0.201079
20.893	0.201132
21.0136	0.201186
21.1349	0.201239
21.2569	0.201292
21.3796	0.201346
21.503	0.201399
21.6272	0.201452
21.752	0.201505
21.8776	0.201558
22.0039	0.201611
22.1309	0.201664
22.2587	0.201717
22.3872	0.20177
22.5165	0.201823
22.6464	0.201876
22.7772	0.201929
22.9087	0.201982
23.0409	0.202034
23.1739	0.202087
23.3077	0.20214
23.4423	0.202192
23.5776	0.202245
23.7137	0.202298
23.8506	0.20235
23.9883	0.202403
24.1268	0.202455
24.2661	0.202507
24.4062	0.20256
24.5471	0.202612
24.6888	0.202664
24.8313	0.202716
24.9747	0.202769
25.1189	0.202821
25.2639	0.202873
25.4097	0.202925
25.5564	0.202977
25.704	0.203029
25.8523	0.203081
26.0016	0.203133
26.1517	0.203185
26.3027	0.203237
26.4545	0.203288
26.6073	0.20334
26.7609	0.203392
26.9153	0.203444
27.0707	0.203495
27.227	0.203547
27.3842	0.203599
27.5423	0.20365
27.7013	0.203702
27.8612	0.203753
28.0221	0.203805
28.1838	0.203856
28.3465	0.203908
28.5102	0.203959
28.6748	0.20401
28.8403	0.204062
29.0068	0.204113
29.1743	0.204164
29.3427	0.204215
29.5121	0.204266
29.6825	0.204318
29.8538	0.204369
30.0262	0.20442
30.1995	0.204471
30.3739	0.204522
30.5492	0.204573
30.7256	0.204624
30.903	0.204675
31.0814	0.204726
31.2608	0.204776
31.4413	0.204827
31.6228	0.204878
31.8053	0.204929
31.989	0.20498
32.1736	0.20503
32.3594	0.205081
32.5462	0.205132
32.7341	0.205182
32.923	0.205233
33.1131	0.205284
33.3043	0.205334
33.4965	0.205385
33.6899	0.205435
33.8844	0.205486
34.08	0.205536
34.2768	0.205587
34.4747	0.205637
34.6737	0.205687
34.8739	0.205738
35.0752	0.205788
35.2777	0.205838
35.4813	0.205889
35.6862	0.205939
35.8922	0.205989
36.0994	0.206039
36.3078	0.20609
36.5174	0.20614
36.7282	0.20619
36.9403	0.20624
37.1535	0.20629
37.368	0.20634
37.5837	0.20639
37.8007	0.206441
38.0189	0.206491
38.2384	0.206541
38.4592	0.206591
38.6812	0.206641
38.9045	0.20669
39.1291	0.20674
39.355	0.20679
39.5822	0.20684
39.8107	0.20689
40.0405	0.20694
40.2717	0.20699
40.5042	0.20704
40.738	0.20709
40.9732	0.207139
41.2098	0.207189
41.4477	0.207239
41.6869	0.207289
41.9276	0.207338
42.1697	0.207388
42.4131	0.207438
42.658	0.207487
42.9042	0.207537
43.1519	0.207587
43.401	0.207636
43.6516	0.207686
43.9036	0.207736
44.157	0.207785
44.412	0.207835
44.6684	0.207885
44.9262	0.207934
45.1856	0.207984
45.4465	0.208033
45.7088	0.208083
45.9727	0.208132
46.2381	0.208182
46.505	0.208231
46.7735	0.208281
47.0435	0.20833
47.3151	0.20838
47.5883	0.208429
47.863	0.208479
48.1393	0.208528
48.4172	0.208578
48.6968	0.208627
48.9779	0.208677
49.2606	0.208726
49.545	0.208776
49.831	0.208825
50.1187	0.208874
50.4081	0.208924
50.6991	0.208973
50.9918	0.209023
51.2861	0.209072
51.5822	0.209121
51.88	0.209171
52.1795	0.20922
52.4807	0.20927
52.7837	0.209319
53.0884	0.209368
53.3949	0.209418
53.7032	0.209467
54.0132	0.209516
54.325	0.209566
54.6387	0.209615
54.9541	0.209665
55.2713	0.209714
55.5904	0.209763
55.9114	0.209813
56.2341	0.209862
56.5588	0.209911
56.8853	0.209961
57.2137	0.21001
57.544	0.210059
57.8762	0.210109
58.2103	0.210158
58.5464	0.210207
58.8844	0.210257
59.2243	0.210306
59.5662	0.210356
59.9101	0.210405
60.256	0.210454
60.6038	0.210504
60.9537	0.210553
61.3056	0.210602
61.6595	0.210652
62.0155	0.210701
62.3735	0.21075
62.7336	0.2108
63.0957	0.210849
63.46	0.210898
63.8263	0.210948
64.1948	0.210997
64.5654	0.211046
64.9382	0.211096
65.3131	0.211145
65.6901	0.211195
66.0693	0.211244
66.4508	0.211293
66.8344	0.211343
67.2202	0.211392
67.6083	0.211441
67.9986	0.211491
68.3912	0.21154
68.786	0.211589
69.1831	0.211639
69.5825	0.211688
69.9842	0.211737
70.3882	0.211787
70.7946	0.211836
71.2033	0.211885
71.6143	0.211935
72.0278	0.211984
72.4436	0.212033
72.8618	0.212083
73.2825	0.212132
73.7055	0.212181
74.131	0.212231
74.559	0.21228
74.9894	0.212329
75.4223	0.212379
75.8578	0.212428
76.2957	0.212477
76.7361	0.212527
77.1792	0.212576
77.6247	0.212625
78.0728	0.212675
78.5236	0.212724
78.9769	0.212773
79.4328	0.212822
79.8914	0.212872
80.3526	0.212921
80.8165	0.21297
81.2831	0.21302
81.7523	0.213069
82.2243	0.213118
82.699	0.213168
83.1764	0.213217
83.6566	0.213266
84.1395	0.213316
84.6253	0.213365
85.1138	0.213414
85.6052	0.213464
86.0994	0.213513
86.5964	0.213562
87.0964	0.213611
87.5992	0.213661
88.1049	0.21371
88.6135	0.213759
89.1251	0.213809
89.6396	0.213858
90.1571	0.213907
90.6776	0.213957
91.2011	0.214006
91.7276	0.214055
92.2571	0.214104
92.7897	0.214154
93.3254	0.214203
93.8642	0.214252
94.4061	0.214302
94.9511	0.214351
95.4993	0.2144
96.0506	0.214449
96.6051	0.214499
97.1628	0.214548
97.7237	0.214597
98.2879	0.214647
98.8553	0.214696
99.426	0.214745
100	0.214794
100.577	0.214844
101.158	0.214893
101.742	0.214942
102.329	0.214992
102.92	0.215041
103.514	0.21509
104.112	0.215139
104.713	0.215189
105.317	0.215238
105.925	0.215287
106.537	0.215336
107.152	0.215386
107.771	0.215435
108.393	0.215484
109.018	0.215534
109.648	0.215583
110.281	0.215632
110.917	0.215681
111.558	0.215731
112.202	0.21578
112.85	0.215829
113.501	0.215878
114.156	0.215928
114.815	0.215977
115.478	0.216026
116.145	0.216075
116.815	0.216125
117.49	0.216174
118.168	0.216223
118.85	0.216273
119.536	0.216322
120.226	0.216371
120.921	0.21642
121.619	0.21647
122.321	0.216519
123.027	0.216568
123.737	0.216617
124.451	0.216667
125.17	0.216716
125.893	0.216765
126.619	0.216814
127.35	0.216864
128.086	0.216913
128.825	0.216962
129.569	0.217011
130.317	0.21706
131.069	0.21711
131.826	0.217159
132.587	0.217208
133.352	0.217257
134.122	0.217307
134.896	0.217356
135.675	0.217405
136.458	0.217454
137.246	0.217504
138.038	0.217553
138.835	0.217602
139.637	0.217651
140.443	0.217701
141.254	0.21775
142.069	0.217799
142.889	0.217848
143.714	0.217897
144.544	0.217947
145.378	0.217996
146.218	0.218045
147.062	0.218094
147.911	0.218144
148.765	0.218193
149.624	0.218242
150.487	0.218291
151.356	0.218341
152.23	0.21839
153.109	0.218439
153.993	0.218488
154.882	0.218537
155.776	0.218587
156.675	0.218636
157.58	0.218685
158.489	0.218734
159.404	0.218783
160.325	0.218833
161.25	0.218882
162.181	0.218931
163.117	0.21898
164.059	0.21903
165.006	0.219079
165.959	0.219128
166.917	0.219177
167.88	0.219226
168.85	0.219276
169.824	0.219325
170.805	0.219374
171.791	0.219423
172.783	0.219472
173.78	0.219522
174.783	0.219571
175.792	0.21962
176.807	0.219669
177.828	0.219718
178.855	0.219768
179.887	0.219817
180.926	0.219866
181.97	0.219915
183.021	0.219964
184.077	0.220014
185.14	0.220063
186.209	0.220112
187.284	0.220161
188.365	0.22021
189.452	0.22026
190.546	0.220309
191.646	0.220358
192.752	0.220407
193.865	0.220456
194.984	0.220506
196.11	0.220555
197.242	0.220604
198.381	0.220653
199.526	0.220702
200.678	0.220752
201.837	0.220801
203.002	0.22085
204.174	0.220899
205.353	0.220948
206.538	0.220997
207.73	0.221047
208.93	0.221096
210.136	0.221145
211.349	0.221194
212.569	0.221243
213.796	0.221293
215.03	0.221342
216.272	0.221391
217.52	0.22144
218.776	0.221489
220.039	0.221538
221.309	0.221588
222.587	0.221637
223.872	0.221686
225.165	0.221735
226.464	0.221784
227.772	0.221834
229.087	0.221883
230.409	0.221932
231.739	0.221981
233.077	0.22203
234.423	0.222079
235.776	0.222129
237.137	0.222178
238.506	0.222227
239.883	0.222276
241.268	0.222325
242.661	0.222374
244.062	0.222424
245.471	0.222473
246.888	0.222522
248.313	0.222571
249.747	0.22262
251.189	0.222669
252.639	0.222719
254.097	0.222768
255.564	0.222817
257.04	0.222866
258.523	0.222915
260.016	0.222964
261.517	0.223014
263.027	0.223063
264.545	0.223112
266.073	0.223161
267.609	0.22321
269.153	0.223259
270.707	0.223308
272.27	0.223358
273.842	0.223407
275.423	0.223456
277.013	0.223505
278.612	0.223554
280.221	0.223603
281.838	0.223653
283.465	0.223702
285.102	0.223751
286.748	0.2238
288.403	0.223849
290.068	0.223898
291.743	0.223948
293.427	0.223997
295.121	0.224046
296.825	0.224095
298.538	0.224144
300.262	0.224193
301.995	0.224242
303.739	0.224292
305.492	0.224341
307.256	0.22439
309.03	0.224439
310.814	0.224488
312.608	0.224537
314.413	0.224586
316.228	0.224636
318.053	0.224685
319.89	0.224734
321.736	0.224783
323.594	0.224832
325.462	0.224881
327.341	0.22493
329.23	0.22498
331.131	0.225029
333.043	0.225078
334.965	0.225127
336.899	0.225176
338.844	0.225225
340.8	0.225274
342.768	0.225324
344.747	0.225373
346.737	0.225422
348.739	0.225471
350.752	0.22552
352.777	0.225569
354.813	0.225618
356.862	0.225668
358.922	0.225717
360.994	0.225766
363.078	0.225815
365.174	0.225864
367.282	0.225913
369.403	0.225962
371.535	0.226011
373.68	0.226061
375.837	0.22611
378.007	0.226159
380.189	0.226208
382.384	0.226257
384.592	0.226306
386.812	0.226355
389.045	0.226405
391.291	0.226454
393.55	0.226503
395.822	0.226552
398.107	0.226601
400.405	0.22665
402.717	0.226699
405.042	0.226748
407.38	0.226798
409.732	0.226847
412.098	0.226896
414.477	0.226945
416.869	0.226994
419.276	0.227043
421.697	0.227092
424.131	0.227141
426.58	0.227191
429.042	0.22724
431.519	0.227289
434.01	0.227338
436.516	0.227387
439.036	0.227436
441.57	0.227485
444.12	0.227534
446.684	0.227584
449.262	0.227633
451.856	0.227682
454.465	0.227731
457.088	0.22778
459.727	0.227829
462.381	0.227878
465.05	0.227927
467.735	0.227977
470.435	0.228026
473.151	0.228075
475.883	0.228124
478.63	0.228173
481.393	0.228222
484.172	0.228271
486.968	0.22832
489.779	0.228369
492.606	0.228419
495.45	0.228468
498.31	0.228517
501.187	0.228566
504.081	0.228615
506.991	0.228664
509.918	0.228713
512.861	0.228762
515.822	0.228812
518.8	0.228861
521.795	0.22891
524.807	0.228959
527.837	0.229008
530.884	0.229057
533.949	0.229106
537.032	0.229155
540.132	0.229204
543.25	0.229254
546.387	0.229303
549.541	0.229352
552.713	0.229401
555.904	0.22945
559.114	0.229499
562.341	0.229548
565.588	0.229597
568.853	0.229646
572.137	0.229696
575.44	0.229745
578.762	0.229794
582.103	0.229843
585.464	0.229892
588.844	0.229941
592.243	0.22999
595.662	0.230039
599.101	0.230088
602.56	0.230137
606.038	0.230187
609.537	0.230236
613.056	0.230285
616.595	0.230334
620.155	0.230383
623.735	0.230432
627.336	0.230481
630.957	0.23053
634.6	0.230579
638.263	0.230629
641.948	0.230678
645.654	0.230727
649.382	0.230776
653.131	0.230825
656.901	0.230874
660.693	0.230923
664.508	0.230972
668.344	0.231021
672.202	0.23107
676.083	0.23112
679.986	0.231169
683.912	0.231218
687.86	0.231267
691.831	0.231316
695.825	0.231365
699.842	0.231414
703.882	0.231463
707.946	0.231512
712.033	0.231561
716.143	0.231611
720.278	0.23166
724.436	0.231709
728.618	0.231758
732.825	0.231807
737.055	0.231856
741.31	0.231905
745.59	0.231954
749.894	0.232003
754.223	0.232052
758.578	0.232102
762.957	0.232151
767.361	0.2322
771.792	0.232249
776.247	0.232298
780.728	0.232347
785.236	0.232396
789.769	0.232445
794.328	0.232494
798.914	0.232543
803.526	0.232593
808.165	0.232642
812.831	0.232691
817.523	0.23274
822.243	0.232789
826.99	0.232838
831.764	0.232887
836.566	0.232936
841.395	0.232985
846.253	0.233034
851.138	0.233083
856.052	0.233133
860.994	0.233182
865.964	0.233231
870.964	0.23328
875.992	0.233329
881.049	0.233378
886.135	0.233427
891.251	0.233476
896.396	0.233525
901.571	0.233574
906.776	0.233623
912.011	0.233673
917.276	0.233722
922.571	0.233771
927.897	0.23382
933.254	0.233869
938.642	0.233918
944.061	0.233967
949.511	0.234016
954.993	0.234065
960.506	0.234114
966.051	0.234163
971.628	0.234213
977.237	0.234262
982.879	0.234311
988.553	0.23436
994.26	0.234409
1000	0.234458
1005.77	0.234507
1011.58	0.234556
1017.42	0.234605
1023.29	0.234654
1029.2	0.234703
1035.14	0.234753
1041.12	0.234802
1047.13	0.234851
1053.17	0.2349
1059.25	0.234949
1065.37	0.234998
1071.52	0.235047
1077.71	0.235096
1083.93	0.235145
1090.18	0.235194
1096.48	0.235243
1102.81	0.235292
1109.17	0.235342
1115.58	0.235391
1122.02	0.23544
1128.5	0.235489
1135.01	0.235538
1141.56	0.235587
1148.15	0.235636
1154.78	0.235685
1161.45	0.235734
1168.15	0.235783
1174.9	0.235832
1181.68	0.235882
1188.5	0.235931
1195.36	0.23598
1202.26	0.236029
1209.21	0.236078
1216.19	0.236127
1223.21	0.236176
1230.27	0.236225
1237.37	0.236274
1244.51	0.236323
1251.7	0.236372
1258.93	0.236421
1266.19	0.236471
1273.5	0.23652
1280.86	0.236569
1288.25	0.236618
1295.69	0.236667
1303.17	0.236716
1310.69	0.236765
1318.26	0.236814
1325.87	0.236863
1333.52	0.236912
1341.22	0.236961
1348.96	0.23701
1356.75	0.23706
1364.58	0.237109
1372.46	0.237158
1380.38	0.237207
1388.35	0.237256
1396.37	0.237305
1404.43	0.237354
1412.54	0.237403
1420.69	0.237452
1428.89	0.237501
1437.14	0.23755
1445.44	0.237599
1453.78	0.237648
1462.18	0.237698
1470.62	0.237747
1479.11	0.237796
1487.65	0.237845
1496.24	0.237894
1504.87	0.237943
1513.56	0.237992
1522.3	0.238041
1531.09	0.23809
1539.93	0.238139
1548.82	0.238188
1557.76	0.238237
1566.75	0.238287
1575.8	0.238336
1584.89	0.238385
1594.04	0.238434
1603.25	0.238483
1612.5	0.238532
1621.81	0.238581
1631.17	0.23863
1640.59	0.238679
1650.06	0.238728
1659.59	0.238777
1669.17	0.238826
1678.8	0.238875
1688.5	0.238925
1698.24	0.238974
1708.05	0.239023
1717.91	0.239072
1727.83	0.239121
1737.8	0.23917
1747.83	0.239219
1757.92	0.239268
1768.07	0.239317
1778.28	0.239366
1788.55	0.239415
1798.87	0.239464
1809.26	0.239513
1819.7	0.239563
1830.21	0.239612
1840.77	0.239661
1851.4	0.23971
1862.09	0.239759
1872.84	0.239808
1883.65	0.239857
1894.52	0.239906
1905.46	0.239955
1916.46	0.240004
1927.52	0.240053
1938.65	0.240102
1949.84	0.240151
1961.1	0.2402
1972.42	0.24025
1983.81	0.240299
1995.26	0.240348
2006.78	0.240397
2018.37	0.240446
2030.02	0.240495
2041.74	0.240544
2053.53	0.240593
2065.38	0.240642
2077.3	0.240691
2089.3	0.24074
2101.36	0.240789
2113.49	0.240838
2125.69	0.240888
2137.96	0.240937
2150.3	0.240986
2162.72	0.241035
2175.2	0.241084
2187.76	0.241133
2200.39	0.241182
2213.09	0.241231
2225.87	0.24128
2238.72	0.241329
2251.65	0.241378
2264.64	0.241427
2277.72	0.241476
2290.87	0.241525
2304.09	0.241575
2317.39	0.241624
2330.77	0.241673
2344.23	0.241722
2357.76	0.241771
2371.37	0.24182
2385.06	0.241869
2398.83	0.241918
2412.68	0.241967
2426.61	0.242016
2440.62	0.242065
2454.71	0.242114
2468.88	0.242163
2483.13	0.242213
2497.47	0.242262
2511.89	0.242311
2526.39	0.24236
2540.97	0.242409
2555.64	0.242458
2570.4	0.242507
2585.23	0.242556
2600.16	0.242605
2615.17	0.242654
2630.27	0.242703
2645.45	0.242752
2660.73	0.242801
2676.09	0.24285
2691.53	0.2429
2707.07	0.242949
2722.7	0.242998
2738.42	0.243047
2754.23	0.243096
2770.13	0.243145
2786.12	0.243194
2802.21	0.243243
2818.38	0.243292
2834.65	0.243341
2851.02	0.24339
2867.48	0.243439
2884.03	0.243488
2900.68	0.243537
2917.43	0.243586
2934.27	0.243636
2951.21	0.243685
2968.25	0.243734
2985.38	0.243783
3002.62	0.243832
3019.95	0.243881
3037.39	0.24393
3054.92	0.243979
3072.56	0.244028
3090.3	0.244077
3108.14	0.244126
3126.08	0.244175
3144.13	0.244224
3162.28	0.244273
3180.53	0.244323
3198.9	0.244372
3217.36	0.244421
3235.94	0.24447
3254.62	0.244519
3273.41	0.244568
3292.3	0.244617
3311.31	0.244666
3330.43	0.244715
3349.65	0.244764
3368.99	0.244813
3388.44	0.244862
3408	0.244911
3427.68	0.24496
3447.47	0.24501
3467.37	0.245059
3487.39	0.245108
3507.52	0.245157
3527.77	0.245206
3548.13	0.245255
3568.62	0.245304
3589.22	0.245353
3609.94	0.245402
3630.78	0.245451
3651.74	0.2455
3672.82	0.245549
3694.03	0.245598
3715.35	0.245647
3736.8	0.245696
3758.37	0.245746
3780.07	0.245795
3801.89	0.245844
3823.84	0.245893
3845.92	0.245942
3868.12	0.245991
3890.45	0.24604
3912.91	0.246089
3935.5	0.246138
3958.22	0.246187
3981.07	0.246236
4004.05	0.246285
4027.17	0.246334
4050.42	0.246383
4073.8	0.246432
4097.32	0.246482
4120.98	0.246531
4144.77	0.24658
4168.69	0.246629
4192.76	0.246678
4216.97	0.246727
4241.31	0.246776
4265.8	0.246825
4290.42	0.246874
4315.19	0.246923
4340.1	0.246972
4365.16	0.247021
4390.36	0.24707
4415.7	0.247119
4441.2	0.247168
4466.84	0.247218
4492.62	0.247267
4518.56	0.247316
4544.65	0.247365
4570.88	0.247414
4597.27	0.247463
4623.81	0.247512
4650.5	0.247561
4677.35	0.24761
4704.35	0.247659
4731.51	0.247708
4758.83	0.247757
4786.3	0.247806
4813.93	0.247855
4841.72	0.247904
4869.68	0.247954
4897.79	0.248003
4926.06	0.248052
4954.5	0.248101
4983.1	0.24815
5011.87	0.248199
5040.81	0.248248
5069.91	0.248297
5099.18	0.248346
5128.61	0.248395
5158.22	0.248444
5188	0.248493
5217.95	0.248542
5248.07	0.248591
5278.37	0.24864
5308.84	0.24869
5339.49	0.248739
5370.32	0.248788
5401.32	0.248837
5432.5	0.248886
5463.87	0.248935
5495.41	0.248984
5527.13	0.249033
5559.04	0.249082
5591.14	0.249131
5623.41	0.24918
5655.88	0.249229
5688.53	0.249278
5721.37	0.249327
5754.4	0.249376
5787.62	0.249426
5821.03	0.249475
5854.64	0.249524
5888.44	0.249573
5922.43	0.249622
5956.62	0.249671
5991.01	0.24972
6025.6	0.249769
6060.38	0.249818
6095.37	0.249867
6130.56	0.249916
6165.95	0.249965
6201.55	0.250014
6237.35	0.250063
6273.36	0.250112
6309.57	0.250161
6346	0.250211
6382.63	0.25026
6419.48	0.250309
6456.54	0.250358
6493.82	0.250407
6531.31	0.250456
6569.01	0.250505
6606.93	0.250554
6645.08	0.250603
6683.44	0.250652
6722.02	0.250701
6760.83	0.25075
6799.86	0.250799
6839.12	0.250848
6878.6	0.250897
6918.31	0.250947
6958.25	0.250996
6998.42	0.251045
7038.82	0.251094
7079.46	0.251143
7120.33	0.251192
7161.43	0.251241
7202.78	0.25129
7244.36	0.251339
7286.18	0.251388
7328.25	0.251437
7370.55	0.251486
7413.1	0.251535
7455.9	0.251584
7498.94	0.251633
7542.23	0.251682
7585.78	0.251732
7629.57	0.251781
7673.61	0.25183
7717.92	0.251879
7762.47	0.251928
7807.28	0.251977
7852.36	0.252026
7897.69	0.252075
7943.28	0.252124
7989.14	0.252173
8035.26	0.252222
8081.65	0.252271
8128.31	0.25232
8175.23	0.252369
8222.43	0.252418
8269.9	0.252468
8317.64	0.252517
8365.66	0.252566
8413.95	0.252615
8462.53	0.252664
8511.38	0.252713
8560.52	0.252762
8609.94	0.252811
8659.64	0.25286
8709.64	0.252909
8759.92	0.252958
8810.49	0.253007
8861.35	0.253056
8912.51	0.253105
8963.96	0.253154
9015.71	0.253203
9067.76	0.253253
9120.11	0.253302
9172.76	0.253351
9225.71	0.2534
9278.97	0.253449
9332.54	0.253498
9386.42	0.253547
9440.61	0.253596
9495.11	0.253645
9549.93	0.253694
9605.06	0.253743
9660.51	0.253792
9716.28	0.253841
9772.37	0.25389
9828.79	0.253939
9885.53	0.253988
9942.6	0.254038
10000	0.254087
10057.7	0.254136
10115.8	0.254185
10174.2	0.254234
10232.9	0.254283
10292	0.254332
10351.4	0.254381
10411.2	0.25443
10471.3	0.254479
10531.7	0.254528
10592.5	0.254577
10653.7	0.254626
10715.2	0.254675
10777.1	0.254724
10839.3	0.254773
10901.8	0.254823
10964.8	0.254872
11028.1	0.254921
11091.7	0.25497
11155.8	0.255019
11220.2	0.255068
11285	0.255117
11350.1	0.255166
11415.6	0.255215
11481.5	0.255264
11547.8	0.255313
11614.5	0.255362
11681.5	0.255411
11749	0.25546
11816.8	0.255509
11885	0.255558
11953.6	0.255608
12022.6	0.255657
12092.1	0.255706
12161.9	0.255755
12232.1	0.255804
12302.7	0.255853
12373.7	0.255902
12445.1	0.255951
12517	0.256
12589.3	0.256049
12661.9	0.256098
12735	0.256147
12808.6	0.256196
12882.5	0.256245
12956.9	0.256294
13031.7	0.256343
13106.9	0.256393
13182.6	0.256442
13258.7	0.256491
13335.2	0.25654
13412.2	0.256589
13489.6	0.256638
13567.5	0.256687
13645.8	0.256736
13724.6	0.256785
13803.8	0.256834
13883.5	0.256883
13963.7	0.256932
14044.3	0.256981
14125.4	0.25703
14206.9	0.257079
14288.9	0.257128
14371.4	0.257178
14454.4	0.257227
14537.8	0.257276
14621.8	0.257325
14706.2	0.257374
14791.1	0.257423
14876.5	0.257472
14962.4	0.257521
15048.7	0.25757
15135.6	0.257619
15223	0.257668
15310.9	0.257717
15399.3	0.257766
15488.2	0.257815
15577.6	0.257864
15667.5	0.257913
15758	0.257963
15848.9	0.258012
15940.4	0.258061
16032.5	0.25811
16125	0.258159
16218.1	0.258208
16311.7	0.258257
16405.9	0.258306
16500.6	0.258355
16595.9	0.258404
16691.7	0.258453
16788	0.258502
16885	0.258551
16982.4	0.2586
17080.5	0.258649
17179.1	0.258698
17278.3	0.258748
17378	0.258797
17478.3	0.258846
17579.2	0.258895
17680.7	0.258944
17782.8	0.258993
17885.5	0.259042
17988.7	0.259091
18092.6	0.25914
18197	0.259189
18302.1	0.259238
18407.7	0.259287
18514	0.259336
18620.9	0.259385
18728.4	0.259434
18836.5	0.259483
18945.2	0.259533
19054.6	0.259582
19164.6	0.259631
19275.2	0.25968
19386.5	0.259729
19498.4	0.259778
19611	0.259827
19724.2	0.259876
19838.1	0.259925
19952.6	0.259974
20067.8	0.260023
20183.7	0.260072
20300.2	0.260121
20417.4	0.26017
20535.3	0.260219
20653.8	0.260268
20773	0.260318
20893	0.260367
21013.6	0.260416
21134.9	0.260465
21256.9	0.260514
21379.6	0.260563
21503	0.260612
21627.2	0.260661
21752	0.26071
21877.6	0.260759
22003.9	0.260808
22130.9	0.260857
22258.7	0.260906
22387.2	0.260955
22516.5	0.261004
22646.4	0.261053
22777.2	0.261102
22908.7	0.261152
23040.9	0.261201
23173.9	0.26125
23307.7	0.261299
23442.3	0.261348
23577.6	0.261397
23713.7	0.261446
23850.6	0.261495
23988.3	0.261544
24126.8	0.261593
24266.1	0.261642
24406.2	0.261691
24547.1	0.26174
24688.8	0.261789
24831.3	0.261838
24974.7	0.261887
25118.9	0.261937
25263.9	0.261986
25409.7	0.262035
25556.4	0.262084
25704	0.262133
25852.3	0.262182
26001.6	0.262231
26151.7	0.26228
26302.7	0.262329
26454.5	0.262378
26607.3	0.262427
26760.9	0.262476
26915.3	0.262525
27070.7	0.262574
27227	0.262623
27384.2	0.262672
27542.3	0.262722
27701.3	0.262771
27861.2	0.26282
28022.1	0.262869
28183.8	0.262918
28346.5	0.262967
28510.2	0.263016
28674.8	0.263065
28840.3	0.263114
29006.8	0.263163
29174.3	0.263212
29342.7	0.263261
29512.1	0.26331
29682.5	0.263359
29853.8	0.263408
30026.2	0.263457
30199.5	0.263506
30373.9	0.263556
30549.2	0.263605
30725.6	0.263654
30903	0.263703
31081.4	0.263752
31260.8	0.263801
31441.3	0.26385
31622.8	0.263899
31805.3	0.263948
31989	0.263997
32173.6	0.264046
32359.4	0.264095
32546.2	0.264144
32734.1	0.264193
32923	0.264242
33113.1	0.264291
33304.3	0.264341
33496.5	0.26439
33689.9	0.264439
33884.4	0.264488
34080	0.264537
34276.8	0.264586
34474.7	0.264635
34673.7	0.264684
34873.9	0.264733
35075.2	0.264782
35277.7	0.264831
35481.3	0.26488
35686.2	0.264929
35892.2	0.264978
36099.4	0.265027
36307.8	0.265076
36517.4	0.265126
36728.2	0.265175
36940.3	0.265224
37153.5	0.265273
37368	0.265322
37583.7	0.265371
37800.7	0.26542
38018.9	0.265469
38238.4	0.265518
38459.2	0.265567
38681.2	0.265616
38904.5	0.265665
39129.1	0.265714
39355	0.265763
39582.2	0.265812
39810.7	0.265861
40040.5	0.26591
40271.7	0.26596
40504.2	0.266009
40738	0.266058
40973.2	0.266107
41209.8	0.266156
41447.7	0.266205
41686.9	0.266254
41927.6	0.266303
42169.7	0.266352
42413.1	0.266401
42658	0.26645
42904.2	0.266499
43151.9	0.266548
43401	0.266597
43651.6	0.266646
43903.6	0.266695
44157	0.266745
44412	0.266794
44668.4	0.266843
44926.2	0.266892
45185.6	0.266941
45446.5	0.26699
45708.8	0.267039
45972.7	0.267088
46238.1	0.267137
46505	0.267186
46773.5	0.267235
47043.5	0.267284
47315.1	0.267333
47588.3	0.267382
47863	0.267431
48139.3	0.26748
48417.2	0.267529
48696.8	0.267579
48977.9	0.267628
49260.6	0.267677
49545	0.267726
49831	0.267775
50118.7	0.267824
50408.1	0.267873
50699.1	0.267922
50991.8	0.267971
51286.1	0.26802
51582.2	0.268069
51880	0.268118
52179.5	0.268167
52480.7	0.268216
52783.7	0.268265
53088.4	0.268314
53394.9	0.268364
53703.2	0.268413
54013.2	0.268462
54325	0.268511
54638.7	0.26856
54954.1	0.268609
55271.3	0.268658
55590.4	0.268707
55911.4	0.268756
56234.1	0.268805
56558.8	0.268854
56885.3	0.268903
57213.7	0.268952
57544	0.269001
57876.2	0.26905
58210.3	0.269099
58546.4	0.269148
58884.4	0.269198
59224.3	0.269247
59566.2	0.269296
59910.1	0.269345
60256	0.269394
60603.8	0.269443
60953.7	0.269492
61305.6	0.269541
61659.5	0.26959
62015.5	0.269639
62373.5	0.269688
62733.6	0.269737
63095.7	0.269786
63460	0.269835
63826.3	0.269884
64194.8	0.269933
64565.4	0.269983
64938.2	0.270032
65313.1	0.270081
65690.1	0.27013
66069.3	0.270179
66450.8	0.270228
66834.4	0.270277
67220.2	0.270326
67608.3	0.270375
67998.6	0.270424
68391.2	0.270473
68786	0.270522
69183.1	0.270571
69582.5	0.27062
69984.2	0.270669
70388.2	0.270718
70794.6	0.270767
71203.3	0.270817
71614.3	0.270866
72027.8	0.270915
72443.6	0.270964
72861.8	0.271013
73282.5	0.271062
73705.5	0.271111
74131	0.27116
74559	0.271209
74989.4	0.271258
75422.3	0.271307
75857.8	0.271356
76295.7	0.271405
76736.1	0.271454
77179.2	0.271503
77624.7	0.271552
78072.8	0.271602
78523.6	0.271651
78976.9	0.2717
79432.8	0.271749
79891.4	0.271798
80352.6	0.271847
80816.5	0.271896
81283.1	0.271945
81752.3	0.271994
82224.3	0.272043
82699	0.272092
83176.4	0.272141
83656.6	0.27219
84139.5	0.272239
84625.3	0.272288
85113.8	0.272337
85605.2	0.272386
86099.4	0.272436
86596.4	0.272485
87096.4	0.272534
87599.2	0.272583
88104.9	0.272632
88613.5	0.272681
89125.1	0.27273
89639.6	0.272779
90157.1	0.272828
90677.6	0.272877
91201.1	0.272926
91727.6	0.272975
92257.1	0.273024
92789.7	0.273073
93325.4	0.273122
93864.2	0.273171
94406.1	0.273221
94951.1	0.27327
95499.3	0.273319
96050.6	0.273368
96605.1	0.273417
97162.8	0.273466
97723.7	0.273515
98287.9	0.273564
98855.3	0.273613
99426	0.273662
100000	0.273711
100577	0.27376
101158	0.273809
101742	0.273858
102329	0.273907
102920	0.273956
103514	0.274005
104112	0.274055
104713	0.274104
105317	0.274153
105925	0.274202
106537	0.274251
107152	0.2743
107771	0.274349
108393	0.274398
109018	0.274447
109648	0.274496
110281	0.274545
110917	0.274594
111558	0.274643
112202	0.274692
112850	0.274741
113501	0.27479
114156	0.27484
114815	0.274889
115478	0.274938
116145	0.274987
116815	0.275036
117490	0.275085
118168	0.275134
118850	0.275183
119536	0.275232
120226	0.275281
120921	0.27533
121619	0.275379
122321	0.275428
123027	0.275477
123737	0.275526
124451	0.275575
125170	0.275624
125893	0.275674
126619	0.275723
127350	0.275772
128086	0.275821
128825	0.27587
129569	0.275919
130317	0.275968
131069	0.276017
131826	0.276066
132587	0.276115
133352	0.276164
134122	0.276213
134896	0.276262
135675	0.276311
136458	0.27636
137246	0.276409
138038	0.276459
138835	0.276508
139637	0.276557
140443	0.276606
141254	0.276655
142069	0.276704
142889	0.276753
143714	0.276802
144544	0.276851
145378	0.2769
146218	0.276949
147062	0.276998
147911	0.277047
148765	0.277096
149624	0.277145
150487	0.277194
151356	0.277243
152230	0.277293
153109	0.277342
153993	0.277391
154882	0.27744
155776	0.277489
156675	0.277538
157580	0.277587
158489	0.277636
159404	0.277685
160325	0.277734
161250	0.277783
162181	0.277832
163117	0.277881
164059	0.27793
165006	0.277979
165959	0.278028
166917	0.278078
167880	0.278127
168850	0.278176
169824	0.278225
170805	0.278274
171791	0.278323
172783	0.278372
173780	0.278421
174783	0.27847
175792	0.278519
176807	0.278568
177828	0.278617
178855	0.278666
179887	0.278715
180926	0.278764
181970	0.278813
183021	0.278862
184077	0.278912
185140	0.278961
186209	0.27901
187284	0.279059
188365	0.279108
189452	0.279157
190546	0.279206
191646	0.279255
192752	0.279304
193865	0.279353
194984	0.279402
196110	0.279451
197242	0.2795
198381	0.279549
199526	0.279598
200678	0.279647
201837	0.279697
203002	0.279746
204174	0.279795
205353	0.279844
206538	0.279893
207730	0.279942
208930	0.279991
210136	0.28004
211349	0.280089
212569	0.280138
213796	0.280187
215030	0.280236
216272	0.280285
217520	0.280334
218776	0.280383
220039	0.280432
221309	0.280481
222587	0.280531
223872	0.28058
225165	0.280629
226464	0.280678
227772	0.280727
229087	0.280776
230409	0.280825
231739	0.280874
233077	0.280923
234423	0.280972
235776	0.281021
237137	0.28107
238506	0.281119
239883	0.281168
241268	0.281217
242661	0.281266
244062	0.281315
245471	0.281365
246888	0.281414
248313	0.281463
249747	0.281512
251189	0.281561
252639	0.28161
254097	0.281659
255564	0.281708
257040	0.281757
258523	0.281806
260016	0.281855
261517	0.281904
263027	0.281953
264545	0.282002
266073	0.282051
267609	0.2821
269153	0.28215
270707	0.282199
272270	0.282248
273842	0.282297
275423	0.282346
277013	0.282395
278612	0.282444
280221	0.282493
281838	0.282542
283465	0.282591
285102	0.28264
286748	0.282689
288403	0.282738
290068	0.282787
291743	0.282836
293427	0.282885
295121	0.282934
296825	0.282984
298538	0.283033
300262	0.283082
301995	0.283131
303739	0.28318
305492	0.283229
307256	0.283278
309030	0.283327
310814	0.283376
312608	0.283425
314413	0.283474
316228	0.283523
318053	0.283572
319890	0.283621
321736	0.28367
323594	0.283719
325462	0.283769
327341	0.283818
329230	0.283867
331131	0.283916
333043	0.283965
334965	0.284014
336899	0.284063
338844	0.284112
340800	0.284161
342768	0.28421
344747	0.284259
346737	0.284308
348739	0.284357
350752	0.284406
352777	0.284455
354813	0.284504
356862	0.284553
358922	0.284603
360994	0.284652
363078	0.284701
365174	0.28475
367282	0.284799
369403	0.284848
371535	0.284897
373680	0.284946
375837	0.284995
378007	0.285044
380189	0.285093
382384	0.285142
384592	0.285191
386812	0.28524
389045	0.285289
391291	0.285338
393550	0.285387
395822	0.285437
398107	0.285486
400405	0.285535
402717	0.285584
405042	0.285633
407380	0.285682
409732	0.285731
412098	0.28578
414477	0.285829
416869	0.285878
419276	0.285927
421697	0.285976
424131	0.286025
426580	0.286074
429042	0.286123
431519	0.286172
434010	0.286222
436516	0.286271
439036	0.28632
441570	0.286369
444120	0.286418
446684	0.286467
449262	0.286516
451856	0.286565
454465	0.286614
457088	0.286663
459727	0.286712
462381	0.286761
465050	0.28681
467735	0.286859
470435	0.286908
473151	0.286957
475883	0.287006
478630	0.287056
481393	0.287105
484172	0.287154
486968	0.287203
489779	0.287252
492606	0.287301
495450	0.28735
498310	0.287399
501187	0.287448
504081	0.287497
506991	0.287546
509918	0.287595
512861	0.287644
515822	0.287693
518800	0.287742
521795	0.287791
524807	0.287841
527837	0.28789
530884	0.287939
533949	0.287988
537032	0.288037
540132	0.288086
543250	0.288135
546387	0.288184
549541	0.288233
552713	0.288282
555904	0.288331
559114	0.28838
562341	0.288429
565588	0.288478
568853	0.288527
572137	0.288576
575440	0.288625
578762	0.288675
582103	0.288724
585464	0.288773
588844	0.288822
592243	0.288871
595662	0.28892
599101	0.288969
602560	0.289018
606038	0.289067
609537	0.289116
613056	0.289165
616595	0.289214
620155	0.289263
623735	0.289312
627336	0.289361
630957	0.28941
634600	0.289459
638263	0.289509
641948	0.289558
645654	0.289607
649382	0.289656
653131	0.289705
656901	0.289754
660693	0.289803
664508	0.289852
668344	0.289901
672202	0.28995
676083	0.289999
679986	0.290048
683912	0.290097
687860	0.290146
691831	0.290195
695825	0.290244
699842	0.290294
703882	0.290343
707946	0.290392
712033	0.290441
716143	0.29049
720278	0.290539
724436	0.290588
728618	0.290637
732825	0.290686
737055	0.290735
741310	0.290784
745590	0.290833
749894	0.290882
754223	0.290931
758578	0.29098
762957	0.291029
767361	0.291078
771792	0.291128
776247	0.291177
780728	0.291226
785236	0.291275
789769	0.291324
794328	0.291373
798914	0.291422
803526	0.291471
808165	0.29152
812831	0.291569
817523	0.291618
822243	0.291667
826990	0.291716
831764	0.291765
836566	0.291814
841395	0.291863
846253	0.291913
851138	0.291962
856052	0.292011
860994	0.29206
865964	0.292109
870964	0.292158
875992	0.292207
881049	0.292256
886135	0.292305
891251	0.292354
896396	0.292403
901571	0.292452
906776	0.292501
912011	0.29255
917276	0.292599
922571	0.292648
927897	0.292697
933254	0.292747
938642	0.292796
944061	0.292845
949511	0.292894
954993	0.292943
960506	0.292992
966051	0.293041
971628	0.29309
977237	0.293139
982879	0.293188
988553	0.293237
994260	0.293286
1e+06	0.293335
1.00577e+06	0.293384
1.01158e+06	0.293433
1.01742e+06	0.293482
1.02329e+06	0.293531
1.0292e+06	0.293581
1.03514e+06	0.29363
1.04112e+06	0.293679
1.04713e+06	0.293728
1.05317e+06	0.293777
1.05925e+06	0.293826
1.06537e+06	0.293875
1.07152e+06	0.293924
1.07771e+06	0.293973
1.08393e+06	0.294022
1.09018e+06	0.294071
1.09648e+06	0.29412
1.10281e+06	0.294169
1.10917e+06	0.294218
1.11558e+06	0.294267
1.12202e+06	0.294316
1.1285e+06	0.294366
1.13501e+06	0.294415
1.14156e+06	0.294464
1.14815e+06	0.294513
1.15478e+06	0.294562
1.16145e+06	0.294611
1.16815e+06	0.29466
1.1749e+06	0.294709
1.18168e+06	0.294758
1.1885e+06	0.294807
1.19536e+06	0.294856
1.20226e+06	0.294905
1.20921e+06	0.294954
1.21619e+06	0.295003
1.22321e+06	0.295052
1.23027e+06	0.295101
1.23737e+06	0.29515
1.24451e+06	0.2952
1.2517e+06	0.295249
1.25893e+06	0.295298
1.26619e+06	0.295347
1.2735e+06	0.295396
1.28086e+06	0.295445
1.28825e+06	0.295494
1.29569e+06	0.295543
1.30317e+06	0.295592
1.31069e+06	0.295641
1.31826e+06	0.29569
1.32587e+06	0.295739
1.33352e+06	0.295788
1.34122e+06	0.295837
1.34896e+06	0.295886
1.35675e+06	0.295935
1.36458e+06	0.295985
1.37246e+06	0.296034
1.38038e+06	0.296083
1.38835e+06	0.296132
1.39637e+06	0.296181
1.40443e+06	0.29623
1.41254e+06	0.296279
1.42069e+06	0.296328
1.42889e+06	0.296377
1.43714e+06	0.296426
1.44544e+06	0.296475
1.45378e+06	0.296524
1.46218e+06	0.296573
1.47062e+06	0.296622
1.47911e+06	0.296671
1.48765e+06	0.29672
1.49624e+06	0.296769
1.50487e+06	0.296819
1.51356e+06	0.296868
1.5223e+06	0.296917
1.53109e+06	0.296966
1.53993e+06	0.297015
1.54882e+06	0.297064
1.55776e+06	0.297113
1.56675e+06	0.297162
1.5758e+06	0.297211
1.58489e+06	0.29726
1.59404e+06	0.297309
1.60325e+06	0.297358
1.6125e+06	0.297407
1.62181e+06	0.297456
1.63117e+06	0.297505
1.64059e+06	0.297554
1.65006e+06	0.297603
1.65959e+06	0.297653
1.66917e+06	0.297702
1.6788e+06	0.297751
1.6885e+06	0.2978
1.69824e+06	0.297849
1.70805e+06	0.297898
1.71791e+06	0.297947
1.72783e+06	0.297996
1.7378e+06	0.298045
1.74783e+06	0.298094
1.75792e+06	0.298143
1.76807e+06	0.298192
1.77828e+06	0.298241
1.78855e+06	0.29829
1.79887e+06	0.298339
1.80926e+06	0.298388
1.8197e+06	0.298438
1.83021e+06	0.298487
1.84077e+06	0.298536
1.8514e+06	0.298585
1.86209e+06	0.298634
1.87284e+06	0.298683
1.88365e+06	0.298732
1.89452e+06	0.298781
1.90546e+06	0.29883
1.91646e+06	0.298879
1.92752e+06	0.298928
1.93865e+06	0.298977
1.94984e+06	0.299026
1.9611e+06	0.299075
1.97242e+06	0.299124
1.98381e+06	0.299173
1.99526e+06	0.299222
2.00678e+06	0.299272
2.01837e+06	0.299321
2.03002e+06	0.29937
2.04174e+06	0.299419
2.05353e+06	0.299468
2.06538e+06	0.299517
2.0773e+06	0.299566
2.0893e+06	0.299615
2.10136e+06	0.299664
2.11349e+06	0.299713
2.12569e+06	0.299762
2.13796e+06	0.299811
2.1503e+06	0.29986
2.16272e+06	0.299909
2.1752e+06	0.299958
2.18776e+06	0.300007
2.20039e+06	0.300057
2.21309e+06	0.300106
2.22587e+06	0.300155
2.23872e+06	0.300204
2.25165e+06	0.300253
2.26464e+06	0.300302
2.27772e+06	0.300351
2.29087e+06	0.3004
2.30409e+06	0.300449
2.31739e+06	0.300498
2.33077e+06	0.300547
2.34423e+06	0.300596
2.35776e+06	0.300645
2.37137e+06	0.300694
2.38506e+06	0.300743
2.39883e+06	0.300792
2.41268e+06	0.300841
2.42661e+06	0.300891
2.44062e+06	0.30094
2.45471e+06	0.300989
2.46888e+06	0.301038
2.48313e+06	0.301087
2.49747e+06	0.301136
2.51189e+06	0.301185
2.52639e+06	0.301234
2.54097e+06	0.301283
2.55564e+06	0.301332
2.5704e+06	0.301381
2.58523e+06	0.30143
2.60016e+06	0.301479
2.61517e+06	0.301528
2.63027e+06	0.301577
2.64545e+06	0.301626
2.66073e+06	0.301675
2.67609e+06	0.301725
2.69153e+06	0.301774
2.70707e+06	0.301823
2.7227e+06	0.301872
2.73842e+06	0.301921
2.75423e+06	0.30197
2.77013e+06	0.302019
2.78612e+06	0.302068
2.80221e+06	0.302117
2.81838e+06	0.302166
2.83465e+06	0.302215
2.85102e+06	0.302264
2.86748e+06	0.302313
2.88403e+06	0.302362
2.90068e+06	0.302411
2.91743e+06	0.30246
2.93427e+06	0.30251
2.95121e+06	0.302559
2.96825e+06	0.302608
2.98538e+06	0.302657
3.00262e+06	0.302706
3.01995e+06	0.302755
3.03739e+06	0.302804
3.05492e+06	0.302853
3.07256e+06	0.302902
3.0903e+06	0.302951
3.10814e+06	0.303
3.12608e+06	0.303049
3.14413e+06	0.303098
3.16228e+06	0.303147
3.18053e+06	0.303196
3.1989e+06	0.303245
3.21736e+06	0.303294
3.23594e+06	0.303344
3.25462e+06	0.303393
3.27341e+06	0.303442
3.2923e+06	0.303491
3.31131e+06	0.30354
3.33043e+06	0.303589
3.34965e+06	0.303638
3.36899e+06	0.303687
3.38844e+06	0.303736
3.408e+06	0.303785
3.42768e+06	0.303834
3.44747e+06	0.303883
3.46737e+06	0.303932
3.48739e+06	0.303981
3.50752e+06	0.30403
3.52777e+06	0.304079
3.54813e+06	0.304129
3.56862e+06	0.304178
3.58922e+06	0.304227
3.60994e+06	0.304276
3.63078e+06	0.304325
3.65174e+06	0.304374
3.67282e+06	0.304423
3.69403e+06	0.304472
3.71535e+06	0.304521
3.7368e+06	0.30457
3.75837e+06	0.304619
3.78007e+06	0.304668
3.80189e+06	0.304717
3.82384e+06	0.304766
3.84592e+06	0.304815
3.86812e+06	0.304864
3.89045e+06	0.304913
3.91291e+06	0.304963
3.9355e+06	0.305012
3.95822e+06	0.305061
3.98107e+06	0.30511
4.00405e+06	0.305159
4.02717e+06	0.305208
4.05042e+06	0.305257
4.0738e+06	0.305306
4.09732e+06	0.305355
4.12098e+06	0.305404
4.14477e+06	0.305453
4.16869e+06	0.305502
4.19276e+06	0.305551
4.21697e+06	0.3056
4.24131e+06	0.305649
4.2658e+06	0.305698
4.29042e+06	0.305747
4.31519e+06	0.305797
4.3401e+06	0.305846
4.36516e+06	0.305895
4.39036e+06	0.305944
4.4157e+06	0.305993
4.4412e+06	0.306042
4.46684e+06	0.306091
4.49262e+06	0.30614
4.51856e+06	0.306189
4.54465e+06	0.306238
4.57088e+06	0.306287
4.59727e+06	0.306336
4.62381e+06	0.306385
4.6505e+06	0.306434
4.67735e+06	0.306483
4.70435e+06	0.306532
4.73151e+06	0.306582
4.75883e+06	0.306631
4.7863e+06	0.30668
4.81393e+06	0.306729
4.84172e+06	0.306778
4.86968e+06	0.306827
4.89779e+06	0.306876
4.92606e+06	0.306925
4.9545e+06	0.306974
4.9831e+06	0.307023
5.01187e+06	0.307072
5.04081e+06	0.307121
5.06991e+06	0.30717
5.09918e+06	0.307219
5.12861e+06	0.307268
5.15822e+06	0.307317
5.188e+06	0.307366
5.21795e+06	0.307416
5.24807e+06	0.307465
5.27837e+06	0.307514
5.30884e+06	0.307563
5.33949e+06	0.307612
5.37032e+06	0.307661
5.40132e+06	0.30771
5.4325e+06	0.307759
5.46387e+06	0.307808
5.49541e+06	0.307857
5.52713e+06	0.307906
5.55904e+06	0.307955
5.59114e+06	0.308004
5.62341e+06	0.308053
5.65588e+06	0.308102
5.68853e+06	0.308151
5.72137e+06	0.3082
5.7544e+06	0.30825
5.78762e+06	0.308299
5.82103e+06	0.308348
5.85464e+06	0.308397
5.88844e+06	0.308446
5.92243e+06	0.308495
5.95662e+06	0.308544
5.99101e+06	0.308593
6.0256e+06	0.308642
6.06038e+06	0.308691
6.09537e+06	0.30874
6.13056e+06	0.308789
6.16595e+06	0.308838
6.20155e+06	0.308887
6.23735e+06	0.308936
6.27336e+06	0.308985
6.30957e+06	0.309035
6.346e+06	0.309084
6.38263e+06	0.309133
6.41948e+06	0.309182
6.45654e+06	0.309231
6.49382e+06	0.30928
6.53131e+06	0.309329
6.56901e+06	0.309378
6.60693e+06	0.309427
6.64508e+06	0.309476
6.68344e+06	0.309525
6.72202e+06	0.309574
6.76083e+06	0.309623
6.79986e+06	0.309672
6.83912e+06	0.309721
6.8786e+06	0.30977
6.91831e+06	0.309819
6.95825e+06	0.309869
6.99842e+06	0.309918
7.03882e+06	0.309967
7.07946e+06	0.310016
7.12033e+06	0.310065
7.16143e+06	0.310114
7.20278e+06	0.310163
7.24436e+06	0.310212
7.28618e+06	0.310261
7.32825e+06	0.31031
7.37055e+06	0.310359
7.4131e+06	0.310408
7.4559e+06	0.310457
7.49894e+06	0.310506
7.54223e+06	0.310555
7.58578e+06	0.310604
7.62957e+06	0.310654
7.67361e+06	0.310703
7.71792e+06	0.310752
7.76247e+06	0.310801
7.80728e+06	0.31085
7.85236e+06	0.310899
7.89769e+06	0.310948
7.94328e+06	0.310997
7.98914e+06	0.311046
8.03526e+06	0.311095
8.08165e+06	0.311144
8.12831e+06	0.311193
8.17523e+06	0.311242
8.22243e+06	0.311291
8.2699e+06	0.31134
8.31764e+06	0.311389
8.36566e+06	0.311438
8.41395e+06	0.311488
8.46253e+06	0.311537
8.51138e+06	0.311586
8.56052e+06	0.311635
8.60994e+06	0.311684
8.65964e+06	0.311733
8.70964e+06	0.311782
8.75992e+06	0.311831
8.81049e+06	0.31188
8.86135e+06	0.311929
8.91251e+06	0.311978
8.96396e+06	0.312027
9.01571e+06	0.312076
9.06776e+06	0.312125
9.12011e+06	0.312174
9.17276e+06	0.312223
9.22571e+06	0.312272
9.27897e+06	0.312322
9.33254e+06	0.312371
9.38642e+06	0.31242
9.44061e+06	0.312469
9.49511e+06	0.312518
9.54993e+06	0.312567
9.60506e+06	0.312616
9.66051e+06	0.312665
9.71628e+06	0.312714
9.77237e+06	0.312763
9.82879e+06	0.312812
9.88553e+06	0.312861
9.9426e+06	0.31291
1e+07	0.312959
