Stopping power dEdx from Ionisation for kaon- Z = 0 in Water, process name: hIoni
E [MeV]	dEdx [MeV/mm]
0.001	3.40544
0.00100577	3.41526
0.00101158	3.4251
0.00101742	3.43497
0.00102329	3.44487
0.0010292	3.4548
0.00103514	3.46476
0.00104112	3.47475
0.00104713	3.48476
0.00105317	3.49481
0.00105925	3.50488
0.00106537	3.51498
0.00107152	3.52512
0.00107771	3.53528
0.00108393	3.54547
0.00109018	3.55569
0.00109648	3.56594
0.00110281	3.57621
0.00110917	3.58652
0.00111558	3.59686
0.00112202	3.60723
0.0011285	3.61762
0.00113501	3.62805
0.00114156	3.63851
0.00114815	3.649
0.00115478	3.65951
0.00116145	3.67006
0.00116815	3.68064
0.0011749	3.69125
0.00118168	3.70189
0.0011885	3.71256
0.00119536	3.72326
0.00120226	3.73399
0.00120921	3.74476
0.00121619	3.75555
0.00122321	3.76637
0.00123027	3.77723
0.00123737	3.78812
0.00124451	3.79904
0.0012517	3.80999
0.00125893	3.82097
0.00126619	3.83198
0.0012735	3.84303
0.00128086	3.8541
0.00128825	3.86521
0.00129569	3.87635
0.00130317	3.88753
0.00131069	3.89873
0.00131826	3.90997
0.00132587	3.92124
0.00133352	3.93254
0.00134122	3.94388
0.00134896	3.95525
0.00135675	3.96665
0.00136458	3.97808
0.00137246	3.98955
0.00138038	4.00104
0.00138835	4.01258
0.00139637	4.02414
0.00140443	4.03574
0.00141254	4.04737
0.00142069	4.05904
0.00142889	4.07074
0.00143714	4.08247
0.00144544	4.09424
0.00145378	4.10604
0.00146218	4.11788
0.00147062	4.12975
0.00147911	4.14165
0.00148765	4.15359
0.00149624	4.16556
0.00150487	4.17757
0.00151356	4.18961
0.0015223	4.20168
0.00153109	4.2138
0.00153993	4.22594
0.00154882	4.23812
0.00155776	4.25034
0.00156675	4.26259
0.0015758	4.27488
0.00158489	4.2872
0.00159404	4.29955
0.00160325	4.31195
0.0016125	4.32438
0.00162181	4.33684
0.00163117	4.34934
0.00164059	4.36188
0.00165006	4.37445
0.00165959	4.38706
0.00166917	4.3997
0.0016788	4.41239
0.0016885	4.4251
0.00169824	4.43786
0.00170805	4.45065
0.00171791	4.46348
0.00172783	4.47634
0.0017378	4.48925
0.00174783	4.50219
0.00175792	4.51516
0.00176807	4.52818
0.00177828	4.54123
0.00178855	4.55432
0.00179887	4.56745
0.00180926	4.58061
0.0018197	4.59381
0.00183021	4.60706
0.00184077	4.62033
0.0018514	4.63365
0.00186209	4.64701
0.00187284	4.6604
0.00188365	4.67384
0.00189452	4.68731
0.00190546	4.70082
0.00191646	4.71437
0.00192752	4.72796
0.00193865	4.74158
0.00194984	4.75525
0.0019611	4.76896
0.00197242	4.7827
0.00198381	4.79649
0.00199526	4.81031
0.00200678	4.82418
0.00201837	4.83808
0.00203002	4.85203
0.00204174	4.86601
0.00205353	4.88004
0.00206538	4.89411
0.0020773	4.90821
0.0020893	4.92236
0.00210136	4.93655
0.00211349	4.95078
0.00212569	4.96505
0.00213796	4.97936
0.0021503	4.99371
0.00216272	5.00811
0.0021752	5.02254
0.00218776	5.03702
0.00220039	5.05154
0.00221309	5.0661
0.00222587	5.0807
0.00223872	5.09534
0.00225165	5.11003
0.00226464	5.12476
0.00227772	5.13953
0.00229087	5.15434
0.00230409	5.1692
0.00231739	5.1841
0.00233077	5.19904
0.00234423	5.21403
0.00235776	5.22906
0.00237137	5.24413
0.00238506	5.25925
0.00239883	5.2744
0.00241268	5.28961
0.00242661	5.30485
0.00244062	5.32014
0.00245471	5.33548
0.00246888	5.35086
0.00248313	5.36628
0.00249747	5.38175
0.00251189	5.39726
0.00252639	5.41282
0.00254097	5.42842
0.00255564	5.44407
0.0025704	5.45976
0.00258523	5.4755
0.00260016	5.49128
0.00261517	5.50711
0.00263027	5.52298
0.00264545	5.55683
0.00266073	5.59207
0.00267609	5.63722
0.00269153	5.70325
0.00270707	5.76985
0.0027227	5.83703
0.00273842	5.90476
0.00275423	5.97304
0.00277013	6.04185
0.00278612	6.12451
0.00280221	6.25106
0.00281838	6.37717
0.00283465	6.50284
0.00285102	6.62808
0.00286748	6.7529
0.00288403	6.87729
0.00290068	7.00126
0.00291743	7.12481
0.00293427	7.24795
0.00295121	7.37069
0.00296825	7.49303
0.00298538	7.61496
0.00300262	7.7365
0.00301995	7.85765
0.00303739	7.97841
0.00305492	8.10013
0.00307256	8.23171
0.0030903	8.36259
0.00310814	8.49279
0.00312608	8.62232
0.00314413	8.75175
0.00316228	8.88125
0.00318053	9.01008
0.0031989	9.13827
0.00321736	9.26582
0.00323594	9.39274
0.00325462	9.51048
0.00327341	9.61753
0.0032923	9.72428
0.00331131	9.83075
0.00333043	9.93695
0.00334965	10.0429
0.00336899	10.1485
0.00338844	10.2539
0.003408	10.3591
0.00342768	10.464
0.00344747	10.5841
0.00346737	10.712
0.00348739	10.8396
0.00350752	10.9669
0.00352777	11.0937
0.00354813	11.2202
0.00356862	11.3464
0.00358922	11.4721
0.00360994	11.5976
0.00363078	11.7227
0.00365174	11.8474
0.00367282	11.9719
0.00369403	12.0959
0.00371535	12.2384
0.0037368	12.4338
0.00375837	12.6276
0.00378007	12.82
0.00380189	13.0109
0.00382384	13.1891
0.00384592	13.3452
0.00386812	13.5004
0.00389045	13.6547
0.00391291	13.808
0.0039355	13.9604
0.00395822	14.112
0.00398107	14.2626
0.00400405	14.4124
0.00402717	14.5613
0.00405042	14.7094
0.0040738	14.8567
0.00409732	15.0031
0.00412098	15.1487
0.00414477	15.2936
0.00416869	15.4376
0.00419276	15.5291
0.00421697	15.6071
0.00424131	15.6852
0.0042658	15.7634
0.00429042	15.8417
0.00431519	15.92
0.0043401	15.9984
0.00436516	16.0768
0.00439036	16.1554
0.0044157	16.2343
0.0044412	16.3134
0.00446684	16.3925
0.00449262	16.4718
0.00451856	16.5511
0.00454465	16.6305
0.00457088	16.71
0.00459727	16.8227
0.00462381	16.9507
0.0046505	17.1062
0.00467735	17.2897
0.00470435	17.4715
0.00473151	17.6518
0.00475883	17.8306
0.0047863	18.0079
0.00481393	18.1837
0.00484172	18.3581
0.00486968	18.5311
0.00489779	18.7027
0.00492606	18.873
0.0049545	19.0418
0.0049831	19.2094
0.00501187	19.3756
0.00504081	19.541
0.00506991	19.7052
0.00509918	19.8681
0.00512861	20.0298
0.00515822	20.1903
0.005188	20.3497
0.00521795	20.5078
0.00524807	20.6649
0.00527837	20.8208
0.00530884	20.9755
0.00533949	21.1292
0.00537032	21.269
0.00540132	21.4066
0.0054325	21.5434
0.00546387	21.6795
0.00549541	21.8148
0.00552713	21.9495
0.00555904	22.0835
0.00559114	22.2262
0.00562341	22.3703
0.00565588	22.5139
0.00568853	22.6573
0.00572137	22.8
0.0057544	22.942
0.00578762	23.0834
0.00582103	23.2241
0.00585464	23.3642
0.00588844	23.5036
0.00592243	23.6424
0.00595662	23.7806
0.00599101	23.9182
0.0060256	24.0553
0.00606038	24.1917
0.00609537	24.3276
0.00613056	24.504
0.00616595	24.6966
0.00620155	24.8877
0.00623735	25.0773
0.00627336	25.2655
0.00630957	25.452
0.006346	25.6371
0.00638263	25.8208
0.00641948	26.0031
0.00645654	26.1841
0.00649382	26.3641
0.00653131	26.5496
0.00656901	26.7338
0.00660693	26.9166
0.00664508	27.0982
0.00668344	27.2786
0.00672202	27.4577
0.00676083	27.6355
0.00679986	27.8122
0.00683912	27.9876
0.0068786	28.1464
0.00691831	28.255
0.00695825	28.3633
0.00699842	28.4714
0.00703882	28.5791
0.00707946	28.6865
0.00712033	28.7937
0.00716143	28.9006
0.00720278	29.0073
0.00724436	29.1137
0.00728618	29.2198
0.00732825	29.3258
0.00737055	29.4315
0.0074131	29.537
0.0074559	29.6456
0.00749894	29.7547
0.00754223	29.8635
0.00758578	29.9721
0.00762957	30.0805
0.00767361	30.2337
0.00771792	30.3889
0.00776247	30.5433
0.00780728	30.6967
0.00785236	30.8499
0.00789769	31.0045
0.00794328	31.1582
0.00798914	31.311
0.00803526	31.463
0.00808165	31.614
0.00812831	31.7643
0.00817523	31.9137
0.00822243	32.0624
0.0082699	32.2102
0.00831764	32.3572
0.00836566	32.5043
0.00841395	32.6517
0.00846253	32.7984
0.00851138	32.9443
0.00856052	33.0896
0.00860994	33.2341
0.00865964	33.3779
0.00870964	33.521
0.00875992	33.6634
0.00881049	33.8052
0.00886135	33.9464
0.00891251	34.0868
0.00896396	34.2267
0.00901571	34.3659
0.00906776	34.5046
0.00912011	34.6426
0.00917276	34.7841
0.00922571	34.9362
0.00927897	35.0854
0.00933254	35.2064
0.00938642	35.3272
0.00944061	35.4476
0.00949511	35.5676
0.00954993	35.6874
0.00960506	35.807
0.00966051	35.9264
0.00971628	36.0455
0.00977237	36.1644
0.00982879	36.2831
0.00988553	36.4016
0.0099426	36.5199
0.01	36.6379
0.0100577	36.7558
0.0101158	36.8735
0.0101742	36.991
0.0102329	37.1084
0.010292	37.2255
0.0103514	37.3425
0.0104112	37.4593
0.0104713	37.576
0.0105317	37.6925
0.0105925	37.8088
0.0106537	37.925
0.0107152	38.0457
0.0107771	38.1711
0.0108393	38.2963
0.0109018	38.4213
0.0109648	38.5462
0.0110281	38.6733
0.0110917	38.8008
0.0111558	38.9281
0.0112202	39.0552
0.011285	39.1821
0.0113501	39.3089
0.0114156	39.4354
0.0114815	39.5618
0.0115478	39.688
0.0116145	39.8125
0.0116815	39.9334
0.011749	40.0542
0.0118168	40.1748
0.011885	40.2953
0.0119536	40.4157
0.0120226	40.536
0.0120921	40.6561
0.0121619	40.7761
0.0122321	40.8975
0.0123027	41.0226
0.0123737	41.1476
0.0124451	41.2724
0.012517	41.3971
0.0125893	41.522
0.0126619	41.6468
0.012735	41.7716
0.0128086	41.8962
0.0128825	42.0206
0.0129569	42.145
0.0130317	42.2692
0.0131069	42.3933
0.0131826	42.5172
0.0132587	42.6411
0.0133352	42.7648
0.0134122	42.8884
0.0134896	43.0118
0.0135675	43.1352
0.0136458	43.2584
0.0137246	43.3815
0.0138038	43.5066
0.0138835	43.6321
0.0139637	43.7681
0.0140443	43.9098
0.0141254	44.0515
0.0142069	44.195
0.0142889	44.3381
0.0143714	44.4808
0.0144544	44.6232
0.0145378	44.7652
0.0146218	44.9068
0.0147062	45.0481
0.0147911	45.1891
0.0148765	45.3297
0.0149624	45.47
0.0150487	45.6099
0.0151356	45.7495
0.015223	45.8887
0.0153109	46.0116
0.0153993	46.1196
0.0154882	46.2276
0.0155776	46.3357
0.0156675	46.4438
0.015758	46.5519
0.0158489	46.6599
0.0159404	46.768
0.0160325	46.8762
0.016125	46.9844
0.0162181	47.0927
0.0163117	47.193
0.0164059	47.292
0.0165006	47.3911
0.0165959	47.4904
0.0166917	47.5897
0.016788	47.6891
0.016885	47.7886
0.0169824	47.8882
0.0170805	47.9879
0.0171791	48.0876
0.0172783	48.1875
0.017378	48.2874
0.0174783	48.3874
0.0175792	48.4874
0.0176807	48.5876
0.0177828	48.6878
0.0178855	48.788
0.0179887	48.8884
0.0180926	48.9888
0.018197	49.0893
0.0183021	49.1899
0.0184077	49.2905
0.018514	49.3911
0.0186209	49.473
0.0187284	49.5456
0.0188365	49.6192
0.0189452	49.6955
0.0190546	49.7722
0.0191646	49.8445
0.0192752	49.9157
0.0193865	49.9874
0.0194984	50.0596
0.019611	50.1324
0.0197242	50.2057
0.0198381	50.2794
0.0199526	50.3537
0.0200678	50.4284
0.0201837	50.5036
0.0203002	50.5793
0.0204174	50.6554
0.0205353	50.732
0.0206538	50.8091
0.020773	50.8866
0.020893	50.9625
0.0210136	51.0308
0.0211349	51.0996
0.0212569	51.1688
0.0213796	51.2385
0.021503	51.3087
0.0216272	51.3793
0.021752	51.4503
0.0218776	51.5218
0.0220039	51.5939
0.0221309	51.6667
0.0222587	51.74
0.0223872	51.8137
0.0225165	51.8878
0.0226464	51.9622
0.0227772	52.0371
0.0229087	52.1135
0.0230409	52.2042
0.0231739	52.2951
0.0233077	52.3841
0.0234423	52.4731
0.0235776	52.5621
0.0237137	52.6512
0.0238506	52.7403
0.0239883	52.8295
0.0241268	52.9187
0.0242661	53.008
0.0244062	53.0974
0.0245471	53.1867
0.0246888	53.2762
0.0248313	53.3656
0.0249747	53.4551
0.0251189	53.545
0.0252639	53.6366
0.0254097	53.7282
0.0255564	53.8198
0.025704	53.9114
0.0258523	54.003
0.0260016	54.0946
0.0261517	54.1861
0.0263027	54.2777
0.0264545	54.3692
0.0266073	54.4608
0.0267609	54.5486
0.0269153	54.6276
0.0270707	54.7066
0.027227	54.7857
0.0273842	54.8649
0.0275423	54.9441
0.0277013	55.0234
0.0278612	55.0976
0.0280221	55.1542
0.0281838	55.211
0.0283465	55.2662
0.0285102	55.3211
0.0286748	55.3762
0.0288403	55.4316
0.0290068	55.4872
0.0291743	55.5432
0.0293427	55.5994
0.0295121	55.6558
0.0296825	55.7125
0.0298538	55.7694
0.0300262	55.8266
0.0301995	55.884
0.0303739	55.9417
0.0305492	55.9972
0.0307256	56.0322
0.030903	56.0678
0.0310814	56.1039
0.0312608	56.1407
0.0314413	56.1788
0.0316228	56.2186
0.0318053	56.2589
0.031989	56.2997
0.0321736	56.3411
0.0323594	56.3829
0.0325462	56.4296
0.0327341	56.4823
0.032923	56.5352
0.0331131	56.5884
0.0333043	56.6419
0.0334965	56.6956
0.0336899	56.7495
0.0338844	56.8037
0.03408	56.8582
0.0342768	56.9129
0.0344747	56.9592
0.0346737	57.0009
0.0348739	57.0429
0.0350752	57.0852
0.0352777	57.1278
0.0354813	57.1706
0.0356862	57.2137
0.0358922	57.2571
0.0360994	57.3007
0.0363078	57.3446
0.0365174	57.3888
0.0367282	57.4332
0.0369403	57.4778
0.0371535	57.5182
0.037368	57.545
0.0375837	57.5723
0.0378007	57.6012
0.0380189	57.6309
0.0382384	57.6587
0.0384592	57.6826
0.0386812	57.7067
0.0389045	57.7312
0.0391291	57.756
0.039355	57.7812
0.0395822	57.8066
0.0398107	57.8324
0.0400405	57.8584
0.0402717	57.8848
0.0405042	57.9114
0.040738	57.9383
0.0409732	57.9655
0.0412098	57.993
0.0414477	58.0208
0.0416869	58.0488
0.0419276	58.0783
0.0421697	58.1085
0.0424131	58.1389
0.042658	58.1694
0.0429042	58.2
0.0431519	58.2308
0.043401	58.2618
0.0436516	58.2928
0.0439036	58.324
0.044157	58.3563
0.044412	58.3888
0.0446684	58.4213
0.0449262	58.454
0.0451856	58.4868
0.0454465	58.5197
0.0457088	58.5527
0.0459727	58.5684
0.0462381	58.5752
0.046505	58.5767
0.0467735	58.5723
0.0470435	58.5685
0.0473151	58.565
0.0475883	58.562
0.047863	58.5594
0.0481393	58.5572
0.0484172	58.5553
0.0486968	58.5539
0.0489779	58.5528
0.0492606	58.5521
0.049545	58.5518
0.049831	58.5518
0.0501187	58.5522
0.0504081	58.5533
0.0506991	58.555
0.0509918	58.5569
0.0512861	58.5592
0.0515822	58.5619
0.05188	58.5648
0.0521795	58.5681
0.0524807	58.5716
0.0527837	58.5755
0.0530884	58.5797
0.0533949	58.5841
0.0537032	58.5936
0.0540132	58.6039
0.054325	58.6143
0.0546387	58.6247
0.0549541	58.6353
0.0552713	58.6459
0.0555904	58.6566
0.0559114	58.653
0.0562341	58.6457
0.0565588	58.6388
0.0568853	58.6321
0.0572137	58.6257
0.057544	58.6194
0.0578762	58.6133
0.0582103	58.6073
0.0585464	58.6019
0.0588844	58.5966
0.0592243	58.5915
0.0595662	58.5866
0.0599101	58.5818
0.060256	58.5772
0.0606038	58.5727
0.0609537	58.5684
0.0613056	58.5503
0.0616595	58.5257
0.0620155	58.5014
0.0623735	58.4775
0.0627336	58.4538
0.0630957	58.429
0.06346	58.4044
0.0638263	58.3801
0.0641948	58.3562
0.0645654	58.3325
0.0649382	58.309
0.0653131	58.2717
0.0656901	58.2347
0.0660693	58.198
0.0664508	58.1618
0.0668344	58.1259
0.0672202	58.0903
0.0676083	58.0552
0.0679986	58.0203
0.0683912	57.9858
0.068786	57.9513
0.0691831	57.9153
0.0695825	57.8798
0.0699842	57.8533
0.0703882	57.8273
0.0707946	57.8014
0.0712033	57.7756
0.0716143	57.75
0.0720278	57.7246
0.0724436	57.6993
0.0728618	57.6741
0.0732825	57.6491
0.0737055	57.6242
0.074131	57.5994
0.074559	57.5656
0.0749894	57.5298
0.0754223	57.4942
0.0758578	57.4588
0.0762957	57.4236
0.0767361	57.3758
0.0771792	57.3269
0.0776247	57.2782
0.0780728	57.2299
0.0785236	57.1816
0.0789769	57.1331
0.0794328	57.0849
0.0798914	57.037
0.0803526	56.9893
0.0808165	56.9419
0.0812831	56.8948
0.0817523	56.8481
0.0822243	56.8019
0.082699	56.756
0.0831764	56.7104
0.0836566	56.6618
0.0841395	56.6076
0.0846253	56.5536
0.0851138	56.5
0.0856052	56.4467
0.0860994	56.3936
0.0865964	56.3409
0.0870964	56.2884
0.0875992	56.2362
0.0881049	56.1843
0.0886135	56.1327
0.0891251	56.0814
0.0896396	56.0304
0.0901571	55.9796
0.0906776	55.9291
0.0912011	55.8789
0.0917276	55.8236
0.0922571	55.7496
0.0927897	55.676
0.0933254	55.6032
0.0938642	55.5309
0.0944061	55.4589
0.0949511	55.3873
0.0954993	55.316
0.0960506	55.2449
0.0966051	55.174
0.0971628	55.1034
0.0977237	55.033
0.0982879	54.9629
0.0988553	54.893
0.099426	54.8234
0.1	54.754
0.100577	54.6848
0.101158	54.6159
0.101742	54.5473
0.102329	54.4789
0.10292	54.4107
0.103514	54.3428
0.104112	54.2751
0.104713	54.2076
0.105317	54.1406
0.105925	54.074
0.106537	54.0076
0.107152	53.9331
0.107771	53.848
0.108393	53.7633
0.109018	53.6789
0.109648	53.5948
0.110281	53.5101
0.110917	53.4255
0.111558	53.3412
0.112202	53.2572
0.11285	53.1736
0.113501	53.0904
0.114156	53.0075
0.114815	52.9291
0.115478	52.8562
0.116145	52.7806
0.116815	52.6966
0.11749	52.6131
0.118168	52.5298
0.11885	52.4469
0.119536	52.3643
0.120226	52.282
0.120921	52.2
0.121619	52.1183
0.122321	52.0334
0.123027	51.937
0.123737	51.8411
0.124451	51.7455
0.12517	51.6503
0.125893	51.555
0.126619	51.4595
0.12735	51.3645
0.128086	51.2698
0.128825	51.1756
0.129569	51.0817
0.130317	50.9882
0.131069	50.895
0.131826	50.8023
0.132587	50.7099
0.133352	50.618
0.134122	50.5264
0.134896	50.4351
0.135675	50.3443
0.136458	50.2538
0.137246	50.1637
0.138038	50.0647
0.138835	49.9631
0.139637	49.8576
0.140443	49.7495
0.141254	49.6419
0.142069	49.5335
0.142889	49.4256
0.143714	49.3181
0.144544	49.2111
0.145378	49.1047
0.146218	48.9986
0.147062	48.8931
0.147911	48.788
0.148765	48.6834
0.149624	48.5793
0.150487	48.4756
0.151356	48.3724
0.15223	48.2697
0.153109	48.1648
0.153993	48.0571
0.154882	47.9497
0.155776	47.8428
0.156675	47.7362
0.15758	47.629
0.158489	47.5218
0.159404	47.415
0.160325	47.3086
0.16125	47.2026
0.162181	47.0969
0.163117	46.9875
0.164059	46.8774
0.165006	46.7678
0.165959	46.6587
0.166917	46.5499
0.16788	46.4415
0.16885	46.3336
0.169824	46.2261
0.170805	46.1189
0.171791	46.0122
0.172783	45.9059
0.17378	45.8
0.174783	45.6945
0.175792	45.5894
0.176807	45.4847
0.177828	45.3805
0.178855	45.2766
0.179887	45.1731
0.180926	45.0701
0.18197	44.9674
0.183021	44.8651
0.184077	44.7633
0.18514	44.6618
0.186209	44.5585
0.187284	44.4541
0.188365	44.3499
0.189452	44.244
0.190546	44.1385
0.191646	44.023
0.192752	43.9028
0.193865	43.7831
0.194984	43.6639
0.19611	43.5453
0.197242	43.4271
0.198381	43.3095
0.199526	43.1924
0.200678	43.0758
0.201837	42.9597
0.203002	42.8441
0.204174	42.729
0.205353	42.6144
0.206538	42.5003
0.20773	42.3868
0.20893	42.2734
0.210136	42.1578
0.211349	42.0428
0.212569	41.9282
0.213796	41.8142
0.21503	41.7007
0.216272	41.5877
0.21752	41.4752
0.218776	41.3632
0.220039	41.2515
0.221309	41.1396
0.222587	41.0282
0.223872	40.9173
0.225165	40.8069
0.226464	40.697
0.227772	40.5876
0.229087	40.4787
0.230409	40.3603
0.231739	40.2421
0.233077	40.1219
0.234423	40.0016
0.235776	39.882
0.237137	39.7629
0.238506	39.6443
0.239883	39.5263
0.241268	39.4089
0.242661	39.292
0.244062	39.1756
0.245471	39.0598
0.246888	38.9445
0.248313	38.8298
0.249747	38.7156
0.251189	38.6018
0.252639	38.4869
0.254097	38.3724
0.255564	38.2586
0.25704	38.1452
0.258523	38.0325
0.260016	37.9202
0.261517	37.8085
0.263027	37.6973
0.264545	37.5866
0.266073	37.4764
0.267609	37.3656
0.269153	37.2493
0.270707	37.1336
0.27227	37.0184
0.273842	36.9038
0.275423	36.7897
0.277013	36.6762
0.278612	36.563
0.280221	36.4474
0.281838	36.3325
0.283465	36.2176
0.285102	36.1029
0.286748	35.9887
0.288403	35.875
0.290068	35.7619
0.291743	35.6494
0.293427	35.5373
0.295121	35.4259
0.296825	35.315
0.298538	35.2046
0.300262	35.0947
0.301995	34.9854
0.303739	34.8767
0.305492	34.7684
0.307256	34.6557
0.30903	34.5432
0.310814	34.4314
0.312608	34.32
0.314413	34.2088
0.316228	34.097
0.318053	33.9857
0.31989	33.8749
0.321736	33.7648
0.323594	33.6551
0.325462	33.5454
0.327341	33.4345
0.32923	33.3244
0.331131	33.2147
0.333043	33.1057
0.334965	32.9971
0.336899	32.8891
0.338844	32.7816
0.3408	32.6747
0.342768	32.5683
0.344747	32.4605
0.346737	32.3512
0.348739	32.2424
0.350752	32.1341
0.352777	32.0264
0.354813	31.9192
0.356862	31.8126
0.358922	31.7065
0.360994	31.6009
0.363078	31.4959
0.365174	31.3914
0.367282	31.2874
0.369403	31.184
0.371535	31.0809
0.37368	30.9768
0.375837	30.8733
0.378007	30.7688
0.380189	30.6638
0.382384	30.5587
0.384592	30.4503
0.386812	30.3424
0.389045	30.2351
0.391291	30.1284
0.39355	30.0222
0.395822	29.9165
0.398107	29.8114
0.400405	29.7068
0.402717	29.6028
0.405042	29.4993
0.40738	29.3963
0.409732	29.2939
0.412098	29.1919
0.414477	29.0905
0.416869	28.9897
0.419276	28.8885
0.421697	28.7874
0.424131	28.6867
0.42658	28.5866
0.429042	28.487
0.431519	28.3879
0.43401	28.2894
0.436516	28.1913
0.439036	28.0937
0.44157	27.9952
0.44412	27.8967
0.446684	27.7986
0.449262	27.7011
0.451856	27.6041
0.454465	27.5076
0.457088	27.4116
0.459727	27.3142
0.462381	27.2149
0.46505	27.1157
0.467735	27.0159
0.470435	26.9166
0.473151	26.8181
0.475883	26.7203
0.47863	26.6229
0.481393	26.5261
0.484172	26.4298
0.486968	26.334
0.489779	26.2386
0.492606	26.1438
0.49545	26.0495
0.49831	25.9557
0.501187	25.8623
0.504081	25.7686
0.506991	25.6747
0.509918	25.5812
0.512861	25.4882
0.515822	25.3958
0.5188	25.3038
0.521795	25.2122
0.524807	25.1212
0.527837	25.0306
0.530884	24.9405
0.533949	24.8509
0.537032	24.7599
0.540132	24.6681
0.54325	24.5769
0.546387	24.4861
0.549541	24.3958
0.552713	24.3059
0.555904	24.2166
0.559114	24.1269
0.562341	24.037
0.565588	23.9475
0.568853	23.8573
0.572137	23.7675
0.57544	23.6783
0.578762	23.5895
0.582103	23.5011
0.585464	23.4132
0.588844	23.3257
0.592243	23.2387
0.595662	23.1521
0.599101	23.066
0.60256	22.9804
0.606038	22.8951
0.609537	22.8104
0.613056	22.7252
0.616595	22.639
0.620155	22.5533
0.623735	22.4681
0.627336	22.3833
0.630957	22.298
0.6346	22.2127
0.638263	22.1279
0.641948	22.0435
0.645654	21.9596
0.649382	21.8761
0.653131	21.7923
0.656901	21.7086
0.660693	21.6253
0.664508	21.5425
0.668344	21.4602
0.672202	21.3782
0.676083	21.2967
0.679986	21.2157
0.683912	21.135
0.68786	21.0548
0.691831	20.9735
0.695825	20.8923
0.699842	20.8116
0.703882	20.7313
0.707946	20.6513
0.712033	20.5718
0.716143	20.4927
0.720278	20.4141
0.724436	20.3358
0.728618	20.258
0.732825	20.1806
0.737055	20.1036
0.74131	20.027
0.74559	19.9504
0.749894	19.8738
0.754223	19.7976
0.758578	19.7218
0.762957	19.6464
0.767361	19.5704
0.771792	19.4938
0.776247	19.4176
0.780728	19.3418
0.785236	19.2664
0.789769	19.19
0.794328	19.1138
0.798914	19.0381
0.803526	18.9627
0.808165	18.8877
0.812831	18.8131
0.817523	18.739
0.822243	18.6651
0.82699	18.5915
0.831764	18.5184
0.836566	18.4456
0.841395	18.3726
0.846253	18.3
0.851138	18.2278
0.856052	18.156
0.860994	18.0845
0.865964	18.0134
0.870964	17.9428
0.875992	17.8724
0.881049	17.8025
0.886135	17.733
0.891251	17.6638
0.896396	17.595
0.901571	17.5266
0.906776	17.4585
0.912011	17.3908
0.917276	17.3235
0.922571	17.2549
0.927897	17.1863
0.933254	17.1176
0.938642	17.0488
0.944061	16.9803
0.949511	16.9111
0.954993	16.8423
0.960506	16.7739
0.966051	16.7059
0.971628	16.6382
0.977237	16.5709
0.982879	16.504
0.988553	16.4374
0.99426	16.3712
1	16.3054
1.00577	16.2399
1.01158	16.1747
1.01742	16.1099
1.02329	16.0455
1.0292	15.9814
1.03514	15.9176
1.04112	15.8542
1.04713	15.7912
1.05317	15.7281
1.05925	15.6627
1.06537	15.5976
1.07152	15.5328
1.07771	15.4681
1.08393	15.4037
1.09018	15.3395
1.09648	15.2769
1.10281	15.2131
1.10917	15.1496
1.11558	15.0863
1.12202	15.0233
1.1285	14.9604
1.13501	14.8978
1.14156	14.8354
1.14815	14.7732
1.15478	14.7113
1.16145	14.6496
1.16815	14.588
1.1749	14.5296
1.18168	14.4685
1.1885	14.4077
1.19536	14.347
1.20226	14.2866
1.20921	14.2264
1.21619	14.1664
1.22321	14.1066
1.23027	14.0471
1.23737	13.9877
1.24451	13.9286
1.2517	13.8697
1.25893	13.811
1.26619	13.7525
1.2735	13.6943
1.28086	13.6362
1.28825	13.5784
1.29569	13.5208
1.30317	13.4633
1.31069	13.4061
1.31826	13.3491
1.32587	13.2523
1.33352	13.1987
1.34122	13.1418
1.34896	13.0851
1.35675	13.0286
1.36458	12.9723
1.37246	12.9162
1.38038	12.8604
1.38835	12.8047
1.39637	12.7493
1.40443	12.694
1.41254	12.639
1.42069	12.5842
1.42889	12.5295
1.43714	12.4751
1.44544	12.4209
1.45378	12.3669
1.46218	12.3132
1.47062	12.2596
1.47911	12.2062
1.48765	12.153
1.49624	12.1001
1.50487	12.0473
1.51356	11.9947
1.5223	11.9424
1.53109	11.8902
1.53993	11.8383
1.54882	11.7865
1.55776	11.735
1.56675	11.6946
1.5758	11.6434
1.58489	11.5924
1.59404	11.5416
1.60325	11.491
1.6125	11.4406
1.62181	11.3904
1.63117	11.3404
1.64059	11.2906
1.65006	11.2409
1.65959	11.1915
1.66917	11.1423
1.6788	11.0932
1.6885	11.0444
1.69824	10.9957
1.70805	10.9473
1.71791	10.899
1.72783	10.8509
1.7378	10.803
1.74783	10.7553
1.75792	10.7078
1.76807	10.6605
1.77828	10.6134
1.78855	10.5664
1.79887	10.5197
1.80926	10.4731
1.8197	10.4267
1.83021	10.3805
1.84077	10.3345
1.8514	10.2891
1.86209	10.245
1.87284	10.2011
1.88365	10.1574
1.89452	10.1138
1.90546	10.0704
1.91646	10.0271
1.92752	9.98397
1.93865	9.94101
1.94984	9.89821
1.9611	9.85556
1.97242	9.81306
1.98381	9.77072
1.99526	9.72854
2.00678	9.68651
2.01837	9.64464
2.03002	9.60292
2.04174	9.56135
2.05353	9.51994
2.06538	9.47869
2.0773	9.43758
2.0893	9.39663
2.10136	9.35583
2.11349	9.31519
2.12569	9.2747
2.13796	9.23436
2.1503	9.19417
2.16272	9.15413
2.1752	9.11425
2.18776	9.07451
2.20039	9.03493
2.21309	8.99549
2.22587	8.95621
2.23872	8.91707
2.25165	8.87809
2.26464	8.83925
2.27772	8.80057
2.29087	8.76203
2.30409	8.72364
2.31739	8.68539
2.33077	8.6473
2.34423	8.60935
2.35776	8.58021
2.37137	8.54246
2.38506	8.50484
2.39883	8.46738
2.41268	8.43006
2.42661	8.39289
2.44062	8.35586
2.45471	8.31897
2.46888	8.28223
2.48313	8.24564
2.49747	8.20919
2.51189	8.17288
2.52639	8.13671
2.54097	8.10069
2.55564	8.06481
2.5704	8.02907
2.58523	7.99347
2.60016	7.95801
2.61517	7.9227
2.63027	7.88752
2.64545	7.85249
2.66073	7.81759
2.67609	7.78283
2.69153	7.74821
2.70707	7.71374
2.7227	7.67939
2.73842	7.64519
2.75423	7.61113
2.77013	7.5772
2.78612	7.5434
2.80221	7.50975
2.81838	7.47623
2.83465	7.44284
2.85102	7.40959
2.86748	7.37648
2.88403	7.3435
2.90068	7.31065
2.91743	7.27794
2.93427	7.24536
2.95121	7.21291
2.96825	7.1806
2.98538	7.14842
3.00262	7.11637
3.01995	7.08445
3.03739	7.05266
3.05492	7.021
3.07256	6.98947
3.0903	6.95807
3.10814	6.92681
3.12608	6.89567
3.14413	6.86465
3.16228	6.83377
3.18053	6.80302
3.1989	6.77239
3.21736	6.74189
3.23594	6.71151
3.25462	6.68126
3.27341	6.65114
3.2923	6.62115
3.31131	6.59127
3.33043	6.56153
3.34965	6.5319
3.36899	6.5024
3.38844	6.47303
3.408	6.44377
3.42768	6.41464
3.44747	6.38564
3.46737	6.35675
3.48739	6.32798
3.50752	6.29934
3.52777	6.27082
3.54813	6.24241
3.56862	6.21413
3.58922	6.18597
3.60994	6.15792
3.63078	6.13
3.65174	6.10219
3.67282	6.0745
3.69403	6.04693
3.71535	6.01947
3.7368	5.99213
3.75837	5.96491
3.78007	5.9378
3.80189	5.91081
3.82384	5.88394
3.84592	5.85718
3.86812	5.83053
3.89045	5.804
3.91291	5.77758
3.9355	5.75127
3.95822	5.72781
3.98107	5.70168
4.00405	5.67566
4.02717	5.64975
4.05042	5.62396
4.0738	5.59827
4.09732	5.5727
4.12098	5.54724
4.14477	5.52188
4.16869	5.49664
4.19276	5.4715
4.21697	5.44648
4.24131	5.42156
4.2658	5.39675
4.29042	5.37205
4.31519	5.34745
4.3401	5.32296
4.36516	5.29858
4.39036	5.2743
4.4157	5.25013
4.4412	5.22607
4.46684	5.20211
4.49262	5.17825
4.51856	5.1545
4.54465	5.13085
4.57088	5.10731
4.59727	5.08387
4.62381	5.06053
4.6505	5.03729
4.67735	5.01416
4.70435	4.99112
4.73151	4.96819
4.75883	4.94536
4.7863	4.92263
4.81393	4.89999
4.84172	4.87746
4.86968	4.85503
4.89779	4.8327
4.92606	4.81046
4.9545	4.78832
4.9831	4.76628
5.01187	4.74434
5.04081	4.72249
5.06991	4.70074
5.09918	4.67909
5.12861	4.65753
5.15822	4.63607
5.188	4.61471
5.21795	4.59343
5.24807	4.57226
5.27837	4.55117
5.30884	4.53018
5.33949	4.50929
5.37032	4.48848
5.40132	4.46777
5.4325	4.44715
5.46387	4.42662
5.49541	4.40619
5.52713	4.38584
5.55904	4.36722
5.59114	4.34703
5.62341	4.32693
5.65588	4.30692
5.68853	4.287
5.72137	4.26717
5.7544	4.24742
5.78762	4.22777
5.82103	4.2082
5.85464	4.18872
5.88844	4.16933
5.92243	4.15002
5.95662	4.13081
5.99101	4.11167
6.0256	4.09263
6.06038	4.07367
6.09537	4.05479
6.13056	4.036
6.16595	4.01729
6.20155	3.99867
6.23735	3.98013
6.27336	3.96168
6.30957	3.94331
6.346	3.92502
6.38263	3.90681
6.41948	3.88869
6.45654	3.87065
6.49382	3.85269
6.53131	3.83481
6.56901	3.81701
6.60693	3.79929
6.64508	3.78165
6.68344	3.76409
6.72202	3.74662
6.76083	3.72922
6.79986	3.7119
6.83912	3.69466
6.8786	3.67749
6.91831	3.66041
6.95825	3.6434
6.99842	3.62647
7.03882	3.60961
7.07946	3.59284
7.12033	3.57614
7.16143	3.55951
7.20278	3.54296
7.24436	3.52649
7.28618	3.51009
7.32825	3.49377
7.37055	3.47752
7.4131	3.46134
7.4559	3.44524
7.49894	3.42921
7.54223	3.41326
7.58578	3.39738
7.62957	3.38157
7.67361	3.36583
7.71792	3.35016
7.76247	3.33457
7.80728	3.31905
7.85236	3.3036
7.89769	3.28822
7.94328	3.27291
7.98914	3.25767
8.03526	3.24251
8.08165	3.22741
8.12831	3.21239
8.17523	3.19743
8.22243	3.18255
8.2699	3.16773
8.31764	3.15298
8.36566	3.13829
8.41395	3.12368
8.46253	3.10913
8.51138	3.09465
8.56052	3.08023
8.60994	3.06588
8.65964	3.0516
8.70964	3.03738
8.75992	3.02323
8.81049	3.00914
8.86135	2.99512
8.91251	2.98116
8.96396	2.96727
9.01571	2.95344
9.06776	2.93967
9.12011	2.92597
9.17276	2.91233
9.22571	2.89875
9.27897	2.88524
9.33254	2.87179
9.38642	2.8584
9.44061	2.84507
9.49511	2.83181
9.54993	2.8186
9.60506	2.80546
9.66051	2.79237
9.71628	2.77935
9.77237	2.76639
9.82879	2.75349
9.88553	2.74065
9.9426	2.72787
10	2.71514
10.0577	2.70248
10.1158	2.68987
10.1742	2.67733
10.2329	2.66484
10.292	2.65241
10.3514	2.64004
10.4112	2.62772
10.4713	2.61546
10.5317	2.60326
10.5925	2.59112
10.6537	2.57903
10.7152	2.567
10.7771	2.55503
10.8393	2.54311
10.9018	2.53124
10.9648	2.51943
11.0281	2.50768
11.0917	2.49598
11.1558	2.48434
11.2202	2.47275
11.285	2.46121
11.3501	2.44973
11.4156	2.43831
11.4815	2.42693
11.5478	2.41561
11.6145	2.40434
11.6815	2.39313
11.749	2.38196
11.8168	2.37085
11.885	2.3598
11.9536	2.34879
12.0226	2.33783
12.0921	2.32693
12.1619	2.31608
12.2321	2.30528
12.3027	2.29453
12.3737	2.28383
12.4451	2.27318
12.517	2.26258
12.5893	2.25203
12.6619	2.24153
12.735	2.23108
12.8086	2.22067
12.8825	2.21032
12.9569	2.20002
13.0317	2.18976
13.1069	2.17955
13.1826	2.1694
13.2587	2.15928
13.3352	2.14922
13.4122	2.1392
13.4896	2.12924
13.5675	2.11931
13.6458	2.10944
13.7246	2.09961
13.8038	2.08983
13.8835	2.08009
13.9637	2.07041
14.0443	2.06076
14.1254	2.05116
14.2069	2.04161
14.2889	2.0321
14.3714	2.02264
14.4544	2.01322
14.5378	2.00385
14.6218	1.99452
14.7062	1.98524
14.7911	1.976
14.8765	1.9668
14.9624	1.95765
15.0487	1.94854
15.1356	1.93948
15.223	1.93045
15.3109	1.92147
15.3993	1.91254
15.4882	1.90364
15.5776	1.89479
15.6675	1.88598
15.758	1.87721
15.8489	1.86848
15.9404	1.8598
16.0325	1.85116
16.125	1.84255
16.2181	1.83399
16.3117	1.82547
16.4059	1.81699
16.5006	1.80855
16.5959	1.80015
16.6917	1.79179
16.788	1.78348
16.885	1.7752
16.9824	1.76696
17.0805	1.75876
17.1791	1.75059
17.2783	1.74247
17.378	1.73439
17.4783	1.72634
17.5792	1.71834
17.6807	1.71037
17.7828	1.70244
17.8855	1.69455
17.9887	1.6867
18.0926	1.67888
18.197	1.6711
18.3021	1.66336
18.4077	1.65566
18.514	1.64799
18.6209	1.64036
18.7284	1.63277
18.8365	1.62521
18.9452	1.61769
19.0546	1.6102
19.1646	1.60275
19.2752	1.59534
19.3865	1.58796
19.4984	1.58062
19.611	1.57332
19.7242	1.56604
19.8381	1.55881
19.9526	1.55161
20.0678	1.54444
20.1837	1.53731
20.3002	1.53021
20.4174	1.52315
20.5353	1.51612
20.6538	1.50912
20.773	1.50216
20.893	1.49523
21.0136	1.48834
21.1349	1.48148
21.2569	1.47465
21.3796	1.46786
21.503	1.4611
21.6272	1.45437
21.752	1.44767
21.8776	1.441
22.0039	1.43437
22.1309	1.42777
22.2587	1.42121
22.3872	1.41467
22.5165	1.40817
22.6464	1.40169
22.7772	1.39525
22.9087	1.38884
23.0409	1.38246
23.1739	1.37611
23.3077	1.3698
23.4423	1.36351
23.5776	1.35725
23.7137	1.35103
23.8506	1.34483
23.9883	1.33867
24.1268	1.33253
24.2661	1.32643
24.4062	1.32035
24.5471	1.31431
24.6888	1.30829
24.8313	1.3023
24.9747	1.29635
25.1189	1.29042
25.2639	1.28452
25.4097	1.27865
25.5564	1.2728
25.704	1.26699
25.8523	1.2612
26.0016	1.25545
26.1517	1.24972
26.3027	1.24402
26.4545	1.23834
26.6073	1.2327
26.7609	1.22708
26.9153	1.22149
27.0707	1.21593
27.227	1.21039
27.3842	1.20488
27.5423	1.1994
27.7013	1.19394
27.8612	1.18852
28.0221	1.18311
28.1838	1.17774
28.3465	1.17239
28.5102	1.16707
28.6748	1.16177
28.8403	1.1565
29.0068	1.15126
29.1743	1.14604
29.3427	1.14084
29.5121	1.13568
29.6825	1.13053
29.8538	1.12542
30.0262	1.12033
30.1995	1.11526
30.3739	1.11022
30.5492	1.1052
30.7256	1.10021
30.903	1.09524
31.0814	1.0903
31.2608	1.08538
31.4413	1.08048
31.6228	1.07561
31.8053	1.07077
31.989	1.06595
32.1736	1.06115
32.3594	1.05637
32.5462	1.05162
32.7341	1.04689
32.923	1.04219
33.1131	1.03751
33.3043	1.03285
33.4965	1.02821
33.6899	1.0236
33.8844	1.01901
34.08	1.01445
34.2768	1.0099
34.4747	1.00538
34.6737	1.00088
34.8739	0.996406
35.0752	0.991952
35.2777	0.987519
35.4813	0.983109
35.6862	0.97872
35.8922	0.974354
36.0994	0.970009
36.3078	0.965685
36.5174	0.961383
36.7282	0.957103
36.9403	0.952844
37.1535	0.948606
37.368	0.944389
37.5837	0.940193
37.8007	0.936018
38.0189	0.931863
38.2384	0.92773
38.4592	0.923617
38.6812	0.919524
38.9045	0.915452
39.1291	0.9114
39.355	0.907369
39.5822	0.903357
39.8107	0.899366
40.0405	0.895394
40.2717	0.891443
40.5042	0.887511
40.738	0.883599
40.9732	0.879706
41.2098	0.875833
41.4477	0.871979
41.6869	0.868144
41.9276	0.864329
42.1697	0.860533
42.4131	0.856756
42.658	0.852997
42.9042	0.849258
43.1519	0.845537
43.401	0.841835
43.6516	0.838152
43.9036	0.834487
44.157	0.83084
44.412	0.827212
44.6684	0.823602
44.9262	0.82001
45.1856	0.816437
45.4465	0.812881
45.7088	0.809343
45.9727	0.805823
46.2381	0.80232
46.505	0.798836
46.7735	0.795368
47.0435	0.791919
47.3151	0.788486
47.5883	0.785071
47.863	0.781674
48.1393	0.778293
48.4172	0.774929
48.6968	0.771583
48.9779	0.768253
49.2606	0.76494
49.545	0.761644
49.831	0.758365
50.1187	0.755102
50.4081	0.751856
50.6991	0.748626
50.9918	0.745412
51.2861	0.742215
51.5822	0.739034
51.88	0.735869
52.1795	0.73272
52.4807	0.729587
52.7837	0.72647
53.0884	0.723369
53.3949	0.720284
53.7032	0.717214
54.0132	0.71416
54.325	0.711121
54.6387	0.708098
54.9541	0.70509
55.2713	0.702098
55.5904	0.699121
55.9114	0.696159
56.2341	0.693212
56.5588	0.69028
56.8853	0.687363
57.2137	0.684461
57.544	0.681573
57.8762	0.678701
58.2103	0.675843
58.5464	0.673
58.8844	0.670171
59.2243	0.667357
59.5662	0.664557
59.9101	0.661771
60.256	0.659
60.6038	0.656243
60.9537	0.6535
61.3056	0.650771
61.6595	0.648056
62.0155	0.645355
62.3735	0.642668
62.7336	0.639995
63.0957	0.637335
63.46	0.634689
63.8263	0.632057
64.1948	0.629438
64.5654	0.626833
64.9382	0.624241
65.3131	0.621662
65.6901	0.619097
66.0693	0.616545
66.4508	0.614006
66.8344	0.61148
67.2202	0.608967
67.6083	0.606468
67.9986	0.603981
68.3912	0.601507
68.786	0.599045
69.1831	0.596597
69.5825	0.594161
69.9842	0.591738
70.3882	0.589327
70.7946	0.586929
71.2033	0.584543
71.6143	0.58217
72.0278	0.579808
72.4436	0.57746
72.8618	0.575123
73.2825	0.572798
73.7055	0.570486
74.131	0.568185
74.559	0.565897
74.9894	0.56362
75.4223	0.561356
75.8578	0.559103
76.2957	0.556862
76.7361	0.554632
77.1792	0.552414
77.6247	0.550208
78.0728	0.548013
78.5236	0.54583
78.9769	0.543658
79.4328	0.541497
79.8914	0.539348
80.3526	0.53721
80.8165	0.535083
81.2831	0.532968
81.7523	0.530863
82.2243	0.52877
82.699	0.526687
83.1764	0.524616
83.6566	0.522555
84.1395	0.520505
84.6253	0.518466
85.1138	0.516438
85.6052	0.51442
86.0994	0.512413
86.5964	0.510416
87.0964	0.50843
87.5992	0.506455
88.1049	0.50449
88.6135	0.502535
89.1251	0.500591
89.6396	0.498657
90.1571	0.496733
90.6776	0.494819
91.2011	0.492916
91.7276	0.491022
92.2571	0.489139
92.7897	0.487266
93.3254	0.485402
93.8642	0.483549
94.4061	0.481705
94.9511	0.479871
95.4993	0.478047
96.0506	0.476232
96.6051	0.474428
97.1628	0.472632
97.7237	0.470847
98.2879	0.469071
98.8553	0.467304
99.426	0.465547
100	0.463799
100.577	0.462061
101.158	0.460332
101.742	0.458612
102.329	0.456901
102.92	0.4552
103.514	0.453508
104.112	0.451825
104.713	0.45015
105.317	0.448485
105.925	0.446829
106.537	0.445182
107.152	0.443543
107.771	0.441914
108.393	0.440293
109.018	0.438681
109.648	0.437078
110.281	0.435483
110.917	0.433897
111.558	0.43232
112.202	0.430751
112.85	0.42919
113.501	0.427638
114.156	0.426095
114.815	0.42456
115.478	0.423033
116.145	0.421514
116.815	0.420004
117.49	0.418502
118.168	0.417009
118.85	0.415523
119.536	0.414045
120.226	0.412576
120.921	0.411115
121.619	0.409661
122.321	0.408216
123.027	0.406778
123.737	0.405349
124.451	0.403927
125.17	0.402513
125.893	0.401107
126.619	0.399708
127.35	0.398318
128.086	0.396934
128.825	0.395559
129.569	0.394191
130.317	0.392831
131.069	0.391478
131.826	0.390133
132.587	0.388795
133.352	0.387465
134.122	0.386141
134.896	0.384826
135.675	0.383517
136.458	0.382216
137.246	0.380922
138.038	0.379636
138.835	0.378356
139.637	0.377084
140.443	0.375819
141.254	0.374561
142.069	0.37331
142.889	0.372066
143.714	0.370828
144.544	0.369598
145.378	0.368375
146.218	0.367159
147.062	0.365949
147.911	0.364747
148.765	0.363551
149.624	0.362361
150.487	0.361179
151.356	0.360003
152.23	0.358834
153.109	0.357672
153.993	0.356516
154.882	0.355367
155.776	0.354224
156.675	0.353088
157.58	0.351958
158.489	0.350834
159.404	0.349717
160.325	0.348607
161.25	0.347503
162.181	0.346405
163.117	0.345313
164.059	0.344228
165.006	0.343149
165.959	0.342076
166.917	0.341009
167.88	0.339949
168.85	0.338894
169.824	0.337846
170.805	0.336804
171.791	0.335768
172.783	0.334737
173.78	0.333713
174.783	0.332695
175.792	0.331682
176.807	0.330676
177.828	0.329675
178.855	0.328681
179.887	0.327692
180.926	0.326709
181.97	0.325731
183.021	0.32476
184.077	0.323794
185.14	0.322833
186.209	0.321879
187.284	0.32093
188.365	0.319986
189.452	0.319049
190.546	0.318116
191.646	0.31719
192.752	0.316268
193.865	0.315353
194.984	0.314442
196.11	0.313537
197.242	0.312638
198.381	0.311744
199.526	0.310855
200.678	0.309972
201.837	0.309093
203.002	0.308221
204.174	0.307353
205.353	0.306491
206.538	0.305633
207.73	0.304781
208.93	0.303935
210.136	0.303093
211.349	0.302256
212.569	0.301425
213.796	0.300598
215.03	0.299777
216.272	0.29896
217.52	0.298149
218.776	0.297343
220.039	0.296541
221.309	0.295744
222.587	0.294953
223.872	0.294166
225.165	0.293384
226.464	0.292607
227.772	0.291835
229.087	0.291067
230.409	0.290304
231.739	0.289546
233.077	0.288793
234.423	0.288045
235.776	0.287301
237.137	0.286561
238.506	0.285827
239.883	0.285097
241.268	0.284371
242.661	0.283651
244.062	0.282934
245.471	0.282223
246.888	0.281515
248.313	0.280813
249.747	0.280114
251.189	0.279421
252.639	0.278731
254.097	0.278046
255.564	0.277366
257.04	0.276689
258.523	0.276018
260.016	0.27535
261.517	0.274687
263.027	0.274028
264.545	0.273373
266.073	0.272723
267.609	0.272077
269.153	0.271435
270.707	0.270797
272.27	0.270163
273.842	0.269534
275.423	0.268909
277.013	0.268287
278.612	0.26767
280.221	0.267057
281.838	0.266448
283.465	0.265843
285.102	0.265243
286.748	0.264646
288.403	0.264053
290.068	0.263464
291.743	0.262879
293.427	0.262298
295.121	0.261721
296.825	0.261148
298.538	0.260578
300.262	0.260013
301.995	0.259451
303.739	0.258893
305.492	0.258339
307.256	0.257789
309.03	0.257243
310.814	0.2567
312.608	0.256161
314.413	0.255626
316.228	0.255095
318.053	0.254567
319.89	0.254043
321.736	0.253522
323.594	0.253006
325.462	0.252493
327.341	0.251983
329.23	0.251477
331.131	0.250975
333.043	0.250476
334.965	0.249981
336.899	0.249489
338.844	0.249001
340.8	0.248516
342.768	0.248035
344.747	0.247557
346.737	0.247083
348.739	0.246612
350.752	0.246144
352.777	0.24568
354.813	0.24522
356.862	0.244762
358.922	0.244308
360.994	0.243858
363.078	0.24341
365.174	0.242967
367.282	0.242526
369.403	0.242089
371.535	0.241654
373.68	0.241224
375.837	0.240796
378.007	0.240372
380.189	0.23995
382.384	0.239532
384.592	0.239118
386.812	0.238706
389.045	0.238298
391.291	0.237892
393.55	0.23749
395.822	0.237091
398.107	0.236695
400.405	0.236302
402.717	0.235912
405.042	0.235525
407.38	0.235142
409.732	0.234761
412.098	0.234383
414.477	0.234009
416.869	0.233637
419.276	0.233268
421.697	0.232902
424.131	0.23254
426.58	0.23218
429.042	0.231823
431.519	0.231469
434.01	0.231118
436.516	0.230769
439.036	0.230424
441.57	0.230081
444.12	0.229742
446.684	0.229405
449.262	0.229071
451.856	0.228739
454.465	0.228411
457.088	0.228085
459.727	0.227762
462.381	0.227442
465.05	0.227125
467.735	0.22681
470.435	0.226498
473.151	0.226189
475.883	0.225882
478.63	0.225578
481.393	0.225277
484.172	0.224979
486.968	0.224683
489.779	0.224389
492.606	0.224087
495.45	0.223788
498.31	0.223491
501.187	0.223197
504.081	0.222905
506.991	0.222616
509.918	0.222329
512.861	0.222044
515.822	0.221762
518.8	0.221483
521.795	0.221205
524.807	0.22093
527.837	0.220658
530.884	0.220388
533.949	0.22012
537.032	0.219854
540.132	0.219591
543.25	0.21933
546.387	0.219072
549.541	0.218816
552.713	0.218562
555.904	0.21831
559.114	0.218061
562.341	0.217814
565.588	0.217569
568.853	0.217326
572.137	0.217086
575.44	0.216848
578.762	0.216612
582.103	0.216378
585.464	0.216146
588.844	0.215917
592.243	0.215689
595.662	0.215464
599.101	0.215241
602.56	0.21502
606.038	0.214801
609.537	0.214585
613.056	0.21437
616.595	0.214158
620.155	0.213947
623.735	0.213739
627.336	0.213533
630.957	0.213328
634.6	0.213126
638.263	0.212926
641.948	0.212728
645.654	0.212532
649.382	0.212338
653.131	0.212145
656.901	0.211955
660.693	0.211767
664.508	0.211581
668.344	0.211396
672.202	0.211214
676.083	0.211034
679.986	0.210855
683.912	0.210678
687.86	0.210504
691.831	0.210331
695.825	0.21016
699.842	0.209991
703.882	0.209824
707.946	0.209658
712.033	0.209495
716.143	0.209333
720.278	0.209173
724.436	0.209015
728.618	0.208859
732.825	0.208704
737.055	0.208552
741.31	0.208401
745.59	0.208252
749.894	0.208104
754.223	0.207959
758.578	0.207815
762.957	0.207673
767.361	0.207532
771.792	0.207394
776.247	0.207257
780.728	0.207121
785.236	0.206988
789.769	0.206856
794.328	0.206726
798.914	0.206597
803.526	0.20647
808.165	0.206345
812.831	0.206221
817.523	0.206099
822.243	0.205979
826.99	0.20586
831.764	0.205743
836.566	0.205627
841.395	0.205513
846.253	0.205401
851.138	0.20529
856.052	0.205181
860.994	0.205073
865.964	0.204967
870.964	0.204862
875.992	0.204759
881.049	0.204657
886.135	0.204557
891.251	0.204459
896.396	0.204362
901.571	0.204266
906.776	0.204172
912.011	0.204079
917.276	0.203988
922.571	0.203898
927.897	0.20381
933.254	0.203723
938.642	0.203638
944.061	0.203554
949.511	0.203471
954.993	0.20339
960.506	0.20331
966.051	0.203232
971.628	0.203155
977.237	0.203079
982.879	0.203005
988.553	0.202932
994.26	0.20286
1000	0.20279
1005.77	0.202721
1011.58	0.202653
1017.42	0.202587
1023.29	0.202522
1029.2	0.202459
1035.14	0.202396
1041.12	0.202335
1047.13	0.202276
1053.17	0.202217
1059.25	0.20216
1065.37	0.202104
1071.52	0.202049
1077.71	0.201996
1083.93	0.201944
1090.18	0.201893
1096.48	0.201843
1102.81	0.201795
1109.17	0.201747
1115.58	0.201701
1122.02	0.201656
1128.5	0.201613
1135.01	0.20157
1141.56	0.201529
1148.15	0.201489
1154.78	0.20145
1161.45	0.201412
1168.15	0.201375
1174.9	0.201339
1181.68	0.201305
1188.5	0.201272
1195.36	0.201239
1202.26	0.201208
1209.21	0.201178
1216.19	0.20115
1223.21	0.201122
1230.27	0.201095
1237.37	0.201069
1244.51	0.201045
1251.7	0.201021
1258.93	0.200999
1266.19	0.200978
1273.5	0.200957
1280.86	0.200938
1288.25	0.20092
1295.69	0.200903
1303.17	0.200886
1310.69	0.200871
1318.26	0.200857
1325.87	0.200844
1333.52	0.200832
1341.22	0.200821
1348.96	0.20081
1356.75	0.200801
1364.58	0.200793
1372.46	0.200786
1380.38	0.200779
1388.35	0.200774
1396.37	0.20077
1404.43	0.200766
1412.54	0.200763
1420.69	0.200762
1428.89	0.200761
1437.14	0.200761
1445.44	0.200762
1453.78	0.200764
1462.18	0.200767
1470.62	0.200771
1479.11	0.200776
1487.65	0.200781
1496.24	0.200788
1504.87	0.200795
1513.56	0.200803
1522.3	0.200812
1531.09	0.200822
1539.93	0.200833
1548.82	0.200844
1557.76	0.200857
1566.75	0.20087
1575.8	0.200884
1584.89	0.200899
1594.04	0.200914
1603.25	0.200931
1612.5	0.200948
1621.81	0.200966
1631.17	0.200985
1640.59	0.201005
1650.06	0.201025
1659.59	0.201046
1669.17	0.201068
1678.8	0.201091
1688.5	0.201114
1698.24	0.201138
1708.05	0.201163
1717.91	0.201189
1727.83	0.201215
1737.8	0.201242
1747.83	0.20127
1757.92	0.201299
1768.07	0.201328
1778.28	0.201358
1788.55	0.201389
1798.87	0.20142
1809.26	0.201452
1819.7	0.201485
1830.21	0.201518
1840.77	0.201553
1851.4	0.201587
1862.09	0.201623
1872.84	0.201659
1883.65	0.201696
1894.52	0.201733
1905.46	0.201771
1916.46	0.20181
1927.52	0.201849
1938.65	0.201889
1949.84	0.20193
1961.1	0.201971
1972.42	0.202013
1983.81	0.202055
1995.26	0.202098
2006.78	0.202142
2018.37	0.202186
2030.02	0.202231
2041.74	0.202277
2053.53	0.202323
2065.38	0.202369
2077.3	0.202416
2089.3	0.202464
2101.36	0.202512
2113.49	0.202561
2125.69	0.202611
2137.96	0.202661
2150.3	0.202711
2162.72	0.202762
2175.2	0.202814
2187.76	0.202866
2200.39	0.202919
2213.09	0.202972
2225.87	0.203026
2238.72	0.20308
2251.65	0.203135
2264.64	0.20319
2277.72	0.203246
2290.87	0.203302
2304.09	0.203359
2317.39	0.203416
2330.77	0.203474
2344.23	0.203532
2357.76	0.203591
2371.37	0.20365
2385.06	0.20371
2398.83	0.20377
2412.68	0.203831
2426.61	0.203892
2440.62	0.203953
2454.71	0.204015
2468.88	0.204078
2483.13	0.20414
2497.47	0.204204
2511.89	0.204267
2526.39	0.204332
2540.97	0.204396
2555.64	0.204461
2570.4	0.204527
2585.23	0.204593
2600.16	0.204659
2615.17	0.204726
2630.27	0.204793
2645.45	0.20486
2660.73	0.204928
2676.09	0.204996
2691.53	0.205065
2707.07	0.205134
2722.7	0.205204
2738.42	0.205274
2754.23	0.205344
2770.13	0.205414
2786.12	0.205485
2802.21	0.205557
2818.38	0.205628
2834.65	0.2057
2851.02	0.205773
2867.48	0.205846
2884.03	0.205919
2900.68	0.205992
2917.43	0.206066
2934.27	0.20614
2951.21	0.206215
2968.25	0.20629
2985.38	0.206365
3002.62	0.20644
3019.95	0.206516
3037.39	0.206592
3054.92	0.206669
3072.56	0.206746
3090.3	0.206823
3108.14	0.2069
3126.08	0.206978
3144.13	0.207056
3162.28	0.207134
3180.53	0.207213
3198.9	0.207292
3217.36	0.207371
3235.94	0.20745
3254.62	0.20753
3273.41	0.20761
3292.3	0.20769
3311.31	0.207771
3330.43	0.207852
3349.65	0.207933
3368.99	0.208014
3388.44	0.208096
3408	0.208178
3427.68	0.20826
3447.47	0.208343
3467.37	0.208425
3487.39	0.208508
3507.52	0.208592
3527.77	0.208675
3548.13	0.208759
3568.62	0.208843
3589.22	0.208927
3609.94	0.209011
3630.78	0.209096
3651.74	0.209181
3672.82	0.209266
3694.03	0.209351
3715.35	0.209437
3736.8	0.209523
3758.37	0.209609
3780.07	0.209695
3801.89	0.209781
3823.84	0.209868
3845.92	0.209955
3868.12	0.210042
3890.45	0.210129
3912.91	0.210217
3935.5	0.210304
3958.22	0.210392
3981.07	0.21048
4004.05	0.210568
4027.17	0.210657
4050.42	0.210745
4073.8	0.210834
4097.32	0.210923
4120.98	0.211012
4144.77	0.211102
4168.69	0.211191
4192.76	0.211281
4216.97	0.211371
4241.31	0.211461
4265.8	0.211551
4290.42	0.211641
4315.19	0.211732
4340.1	0.211822
4365.16	0.211913
4390.36	0.212004
4415.7	0.212095
4441.2	0.212187
4466.84	0.212278
4492.62	0.21237
4518.56	0.212462
4544.65	0.212553
4570.88	0.212645
4597.27	0.212738
4623.81	0.21283
4650.5	0.212922
4677.35	0.213015
4704.35	0.213108
4731.51	0.213201
4758.83	0.213294
4786.3	0.213387
4813.93	0.21348
4841.72	0.213573
4869.68	0.213667
4897.79	0.21376
4926.06	0.213854
4954.5	0.213948
4983.1	0.214042
5011.87	0.214136
5040.81	0.21423
5069.91	0.214325
5099.18	0.214419
5128.61	0.214513
5158.22	0.214608
5188	0.214703
5217.95	0.214798
5248.07	0.214893
5278.37	0.214988
5308.84	0.215083
5339.49	0.215178
5370.32	0.215273
5401.32	0.215369
5432.5	0.215464
5463.87	0.21556
5495.41	0.215655
5527.13	0.215751
5559.04	0.215847
5591.14	0.215943
5623.41	0.216039
5655.88	0.216135
5688.53	0.216231
5721.37	0.216328
5754.4	0.216424
5787.62	0.21652
5821.03	0.216617
5854.64	0.216713
5888.44	0.21681
5922.43	0.216907
5956.62	0.217003
5991.01	0.2171
6025.6	0.217197
6060.38	0.217294
6095.37	0.217391
6130.56	0.217488
6165.95	0.217585
6201.55	0.217683
6237.35	0.21778
6273.36	0.217877
6309.57	0.217975
6346	0.218072
6382.63	0.218169
6419.48	0.218267
6456.54	0.218365
6493.82	0.218462
6531.31	0.21856
6569.01	0.218658
6606.93	0.218755
6645.08	0.218853
6683.44	0.218951
6722.02	0.219049
6760.83	0.219147
6799.86	0.219245
6839.12	0.219343
6878.6	0.219441
6918.31	0.219539
6958.25	0.219638
6998.42	0.219736
7038.82	0.219834
7079.46	0.219932
7120.33	0.220031
7161.43	0.220129
7202.78	0.220227
7244.36	0.220326
7286.18	0.220424
7328.25	0.220522
7370.55	0.220621
7413.1	0.220719
7455.9	0.220818
7498.94	0.220916
7542.23	0.221015
7585.78	0.221114
7629.57	0.221212
7673.61	0.221311
7717.92	0.22141
7762.47	0.221508
7807.28	0.221607
7852.36	0.221706
7897.69	0.221804
7943.28	0.221903
7989.14	0.222002
8035.26	0.222101
8081.65	0.222199
8128.31	0.222298
8175.23	0.222397
8222.43	0.222496
8269.9	0.222595
8317.64	0.222694
8365.66	0.222792
8413.95	0.222891
8462.53	0.22299
8511.38	0.223089
8560.52	0.223188
8609.94	0.223287
8659.64	0.223386
8709.64	0.223485
8759.92	0.223583
8810.49	0.223682
8861.35	0.223781
8912.51	0.22388
8963.96	0.223979
9015.71	0.224078
9067.76	0.224177
9120.11	0.224276
9172.76	0.224375
9225.71	0.224473
9278.97	0.224572
9332.54	0.224671
9386.42	0.22477
9440.61	0.224869
9495.11	0.224968
9549.93	0.225067
9605.06	0.225165
9660.51	0.225264
9716.28	0.225363
9772.37	0.225462
9828.79	0.225561
9885.53	0.22566
9942.6	0.225758
10000	0.225857
10057.7	0.225956
10115.8	0.226055
10174.2	0.226153
10232.9	0.226252
10292	0.226351
10351.4	0.226449
10411.2	0.226548
10471.3	0.226647
10531.7	0.226745
10592.5	0.226844
10653.7	0.226943
10715.2	0.227041
10777.1	0.22714
10839.3	0.227238
10901.8	0.227337
10964.8	0.227436
11028.1	0.227534
11091.7	0.227633
11155.8	0.227731
11220.2	0.227829
11285	0.227928
11350.1	0.228026
11415.6	0.228125
11481.5	0.228223
11547.8	0.228321
11614.5	0.22842
11681.5	0.228518
11749	0.228616
11816.8	0.228714
11885	0.228813
11953.6	0.228911
12022.6	0.229009
12092.1	0.229107
12161.9	0.229205
12232.1	0.229303
12302.7	0.229401
12373.7	0.229499
12445.1	0.229597
12517	0.229695
12589.3	0.229793
12661.9	0.229891
12735	0.229989
12808.6	0.230087
12882.5	0.230185
12956.9	0.230283
13031.7	0.23038
13106.9	0.230478
13182.6	0.230576
13258.7	0.230674
13335.2	0.230771
13412.2	0.230869
13489.6	0.230966
13567.5	0.231064
13645.8	0.231161
13724.6	0.231259
13803.8	0.231356
13883.5	0.231454
13963.7	0.231551
14044.3	0.231649
14125.4	0.231746
14206.9	0.231843
14288.9	0.23194
14371.4	0.232038
14454.4	0.232135
14537.8	0.232232
14621.8	0.232329
14706.2	0.232426
14791.1	0.232523
14876.5	0.23262
14962.4	0.232717
15048.7	0.232814
15135.6	0.232911
15223	0.233008
15310.9	0.233105
15399.3	0.233201
15488.2	0.233298
15577.6	0.233395
15667.5	0.233492
15758	0.233588
15848.9	0.233685
15940.4	0.233781
16032.5	0.233878
16125	0.233974
16218.1	0.234071
16311.7	0.234167
16405.9	0.234264
16500.6	0.23436
16595.9	0.234456
16691.7	0.234552
16788	0.234649
16885	0.234745
16982.4	0.234841
17080.5	0.234937
17179.1	0.235033
17278.3	0.235129
17378	0.235225
17478.3	0.235321
17579.2	0.235417
17680.7	0.235513
17782.8	0.235608
17885.5	0.235704
17988.7	0.2358
18092.6	0.235896
18197	0.235991
18302.1	0.236087
18407.7	0.236182
18514	0.236278
18620.9	0.236373
18728.4	0.236469
18836.5	0.236564
18945.2	0.23666
19054.6	0.236755
19164.6	0.23685
19275.2	0.236945
19386.5	0.237041
19498.4	0.237136
19611	0.237231
19724.2	0.237326
19838.1	0.237421
19952.6	0.237516
20067.8	0.237611
20183.7	0.237706
20300.2	0.237801
20417.4	0.237895
20535.3	0.23799
20653.8	0.238085
20773	0.23818
20893	0.238274
21013.6	0.238369
21134.9	0.238463
21256.9	0.238558
21379.6	0.238652
21503	0.238747
21627.2	0.238841
21752	0.238935
21877.6	0.23903
22003.9	0.239124
22130.9	0.239218
22258.7	0.239312
22387.2	0.239406
22516.5	0.239501
22646.4	0.239595
22777.2	0.239689
22908.7	0.239782
23040.9	0.239876
23173.9	0.23997
23307.7	0.240064
23442.3	0.240158
23577.6	0.240252
23713.7	0.240345
23850.6	0.240439
23988.3	0.240532
24126.8	0.240626
24266.1	0.24072
24406.2	0.240813
24547.1	0.240906
24688.8	0.241
24831.3	0.241093
24974.7	0.241186
25118.9	0.24128
25263.9	0.241373
25409.7	0.241466
25556.4	0.241559
25704	0.241652
25852.3	0.241745
26001.6	0.241838
26151.7	0.241931
26302.7	0.242024
26454.5	0.242117
26607.3	0.24221
26760.9	0.242303
26915.3	0.242395
27070.7	0.242488
27227	0.242581
27384.2	0.242673
27542.3	0.242766
27701.3	0.242858
27861.2	0.242951
28022.1	0.243043
28183.8	0.243136
28346.5	0.243228
28510.2	0.24332
28674.8	0.243413
28840.3	0.243505
29006.8	0.243597
29174.3	0.243689
29342.7	0.243781
29512.1	0.243873
29682.5	0.243965
29853.8	0.244057
30026.2	0.244149
30199.5	0.244241
30373.9	0.244333
30549.2	0.244425
30725.6	0.244516
30903	0.244608
31081.4	0.2447
31260.8	0.244791
31441.3	0.244883
31622.8	0.244974
31805.3	0.245066
31989	0.245157
32173.6	0.245249
32359.4	0.24534
32546.2	0.245431
32734.1	0.245523
32923	0.245614
33113.1	0.245705
33304.3	0.245796
33496.5	0.245887
33689.9	0.245979
33884.4	0.24607
34080	0.246161
34276.8	0.246252
34474.7	0.246342
34673.7	0.246433
34873.9	0.246524
35075.2	0.246615
35277.7	0.246706
35481.3	0.246796
35686.2	0.246887
35892.2	0.246978
36099.4	0.247068
36307.8	0.247159
36517.4	0.247249
36728.2	0.24734
36940.3	0.24743
37153.5	0.247521
37368	0.247611
37583.7	0.247701
37800.7	0.247792
38018.9	0.247882
38238.4	0.247972
38459.2	0.248062
38681.2	0.248152
38904.5	0.248242
39129.1	0.248332
39355	0.248422
39582.2	0.248512
39810.7	0.248602
40040.5	0.248692
40271.7	0.248782
40504.2	0.248872
40738	0.248961
40973.2	0.249051
41209.8	0.249141
41447.7	0.24923
41686.9	0.24932
41927.6	0.24941
42169.7	0.249499
42413.1	0.249589
42658	0.249678
42904.2	0.249768
43151.9	0.249857
43401	0.249946
43651.6	0.250036
43903.6	0.250125
44157	0.250214
44412	0.250303
44668.4	0.250392
44926.2	0.250481
45185.6	0.25057
45446.5	0.25066
45708.8	0.250749
45972.7	0.250837
46238.1	0.250926
46505	0.251015
46773.5	0.251104
47043.5	0.251193
47315.1	0.251282
47588.3	0.25137
47863	0.251459
48139.3	0.251548
48417.2	0.251636
48696.8	0.251725
48977.9	0.251814
49260.6	0.251902
49545	0.251991
49831	0.252079
50118.7	0.252168
50408.1	0.252256
50699.1	0.252344
50991.8	0.252433
51286.1	0.252521
51582.2	0.252609
51880	0.252697
52179.5	0.252785
52480.7	0.252874
52783.7	0.252962
53088.4	0.25305
53394.9	0.253138
53703.2	0.253226
54013.2	0.253314
54325	0.253402
54638.7	0.25349
54954.1	0.253577
55271.3	0.253665
55590.4	0.253753
55911.4	0.253841
56234.1	0.253929
56558.8	0.254016
56885.3	0.254104
57213.7	0.254191
57544	0.254279
57876.2	0.254367
58210.3	0.254454
58546.4	0.254542
58884.4	0.254629
59224.3	0.254716
59566.2	0.254804
59910.1	0.254891
60256	0.254978
60603.8	0.255066
60953.7	0.255153
61305.6	0.25524
61659.5	0.255327
62015.5	0.255414
62373.5	0.255501
62733.6	0.255588
63095.7	0.255675
63460	0.255762
63826.3	0.255849
64194.8	0.255936
64565.4	0.256022
64938.2	0.256109
65313.1	0.256196
65690.1	0.256283
66069.3	0.256369
66450.8	0.256456
66834.4	0.256542
67220.2	0.256629
67608.3	0.256715
67998.6	0.256802
68391.2	0.256888
68786	0.256974
69183.1	0.257061
69582.5	0.257147
69984.2	0.257233
70388.2	0.257319
70794.6	0.257405
71203.3	0.257491
71614.3	0.257577
72027.8	0.257663
72443.6	0.257749
72861.8	0.257835
73282.5	0.257921
73705.5	0.258007
74131	0.258093
74559	0.258178
74989.4	0.258264
75422.3	0.25835
75857.8	0.258435
76295.7	0.258521
76736.1	0.258606
77179.2	0.258692
77624.7	0.258777
78072.8	0.258862
78523.6	0.258948
78976.9	0.259033
79432.8	0.259118
79891.4	0.259203
80352.6	0.259288
80816.5	0.259373
81283.1	0.259458
81752.3	0.259543
82224.3	0.259628
82699	0.259713
83176.4	0.259798
83656.6	0.259882
84139.5	0.259967
84625.3	0.260052
85113.8	0.260136
85605.2	0.260221
86099.4	0.260305
86596.4	0.26039
87096.4	0.260474
87599.2	0.260559
88104.9	0.260643
88613.5	0.260727
89125.1	0.260811
89639.6	0.260895
90157.1	0.26098
90677.6	0.261064
91201.1	0.261148
91727.6	0.261231
92257.1	0.261315
92789.7	0.261399
93325.4	0.261483
93864.2	0.261567
94406.1	0.26165
94951.1	0.261734
95499.3	0.261817
96050.6	0.261901
96605.1	0.261984
97162.8	0.262068
97723.7	0.262151
98287.9	0.262234
98855.3	0.262318
99426	0.262401
100000	0.262484
100577	0.262567
101158	0.26265
101742	0.262733
102329	0.262816
102920	0.262899
103514	0.262982
104112	0.263064
104713	0.263147
105317	0.26323
105925	0.263312
106537	0.263395
107152	0.263477
107771	0.263559
108393	0.263642
109018	0.263724
109648	0.263806
110281	0.263888
110917	0.263971
111558	0.264053
112202	0.264135
112850	0.264217
113501	0.264298
114156	0.26438
114815	0.264462
115478	0.264544
116145	0.264625
116815	0.264707
117490	0.264788
118168	0.26487
118850	0.264951
119536	0.265033
120226	0.265114
120921	0.265195
121619	0.265276
122321	0.265357
123027	0.265438
123737	0.265519
124451	0.2656
125170	0.265681
125893	0.265762
126619	0.265843
127350	0.265923
128086	0.266004
128825	0.266084
129569	0.266165
130317	0.266245
131069	0.266326
131826	0.266406
132587	0.266486
133352	0.266566
134122	0.266647
134896	0.266727
135675	0.266807
136458	0.266886
137246	0.266966
138038	0.267046
138835	0.267126
139637	0.267206
140443	0.267285
141254	0.267365
142069	0.267444
142889	0.267524
143714	0.267603
144544	0.267682
145378	0.267762
146218	0.267841
147062	0.26792
147911	0.267999
148765	0.268078
149624	0.268157
150487	0.268236
151356	0.268314
152230	0.268393
153109	0.268472
153993	0.26855
154882	0.268629
155776	0.268707
156675	0.268786
157580	0.268864
158489	0.268942
159404	0.26902
160325	0.269098
161250	0.269177
162181	0.269255
163117	0.269332
164059	0.26941
165006	0.269488
165959	0.269566
166917	0.269644
167880	0.269721
168850	0.269799
169824	0.269876
170805	0.269953
171791	0.270031
172783	0.270108
173780	0.270185
174783	0.270262
175792	0.270339
176807	0.270416
177828	0.270493
178855	0.27057
179887	0.270647
180926	0.270724
181970	0.2708
183021	0.270877
184077	0.270954
185140	0.27103
186209	0.271106
187284	0.271183
188365	0.271259
189452	0.271335
190546	0.271411
191646	0.271487
192752	0.271563
193865	0.271639
194984	0.271715
196110	0.271791
197242	0.271866
198381	0.271942
199526	0.272018
200678	0.272093
201837	0.272169
203002	0.272244
204174	0.272319
205353	0.272395
206538	0.27247
207730	0.272545
208930	0.27262
210136	0.272695
211349	0.27277
212569	0.272844
213796	0.272919
215030	0.272994
216272	0.273068
217520	0.273143
218776	0.273217
220039	0.273292
221309	0.273366
222587	0.27344
223872	0.273515
225165	0.273589
226464	0.273663
227772	0.273737
229087	0.273811
230409	0.273885
231739	0.273958
233077	0.274032
234423	0.274106
235776	0.274179
237137	0.274253
238506	0.274326
239883	0.2744
241268	0.274473
242661	0.274546
244062	0.274619
245471	0.274692
246888	0.274765
248313	0.274838
249747	0.274911
251189	0.274984
252639	0.275057
254097	0.275129
255564	0.275202
257040	0.275275
258523	0.275347
260016	0.275419
261517	0.275492
263027	0.275564
264545	0.275636
266073	0.275708
267609	0.27578
269153	0.275852
270707	0.275924
272270	0.275996
273842	0.276068
275423	0.27614
277013	0.276211
278612	0.276283
280221	0.276354
281838	0.276426
283465	0.276497
285102	0.276568
286748	0.276639
288403	0.276711
290068	0.276782
291743	0.276853
293427	0.276924
295121	0.276995
296825	0.277065
298538	0.277136
300262	0.277207
301995	0.277277
303739	0.277348
305492	0.277418
307256	0.277489
309030	0.277559
310814	0.277629
312608	0.277699
314413	0.27777
316228	0.27784
318053	0.27791
319890	0.27798
321736	0.278049
323594	0.278119
325462	0.278189
327341	0.278259
329230	0.278328
331131	0.278398
333043	0.278467
334965	0.278536
336899	0.278606
338844	0.278675
340800	0.278744
342768	0.278813
344747	0.278882
346737	0.278951
348739	0.27902
350752	0.279089
352777	0.279158
354813	0.279226
356862	0.279295
358922	0.279364
360994	0.279432
363078	0.2795
365174	0.279569
367282	0.279637
369403	0.279705
371535	0.279774
373680	0.279842
375837	0.27991
378007	0.279978
380189	0.280046
382384	0.280113
384592	0.280181
386812	0.280249
389045	0.280316
391291	0.280384
393550	0.280452
395822	0.280519
398107	0.280586
400405	0.280654
402717	0.280721
405042	0.280788
407380	0.280855
409732	0.280922
412098	0.280989
414477	0.281056
416869	0.281123
419276	0.28119
421697	0.281256
424131	0.281323
426580	0.28139
429042	0.281456
431519	0.281523
434010	0.281589
436516	0.281655
439036	0.281722
441570	0.281788
444120	0.281854
446684	0.28192
449262	0.281986
451856	0.282052
454465	0.282118
457088	0.282184
459727	0.28225
462381	0.282315
465050	0.282381
467735	0.282446
470435	0.282512
473151	0.282577
475883	0.282643
478630	0.282708
481393	0.282773
484172	0.282839
486968	0.282904
489779	0.282969
492606	0.283034
495450	0.283099
498310	0.283164
501187	0.283228
504081	0.283293
506991	0.283358
509918	0.283423
512861	0.283487
515822	0.283552
518800	0.283616
521795	0.283681
524807	0.283745
527837	0.283809
530884	0.283873
533949	0.283938
537032	0.284002
540132	0.284066
543250	0.28413
546387	0.284194
549541	0.284258
552713	0.284321
555904	0.284385
559114	0.284449
562341	0.284512
565588	0.284576
568853	0.284639
572137	0.284703
575440	0.284766
578762	0.28483
582103	0.284893
585464	0.284956
588844	0.285019
592243	0.285082
595662	0.285146
599101	0.285209
602560	0.285271
606038	0.285334
609537	0.285397
613056	0.28546
616595	0.285523
620155	0.285585
623735	0.285648
627336	0.28571
630957	0.285773
634600	0.285835
638263	0.285898
641948	0.28596
645654	0.286022
649382	0.286085
653131	0.286147
656901	0.286209
660693	0.286271
664508	0.286333
668344	0.286395
672202	0.286457
676083	0.286518
679986	0.28658
683912	0.286642
687860	0.286704
691831	0.286765
695825	0.286827
699842	0.286888
703882	0.28695
707946	0.287011
712033	0.287072
716143	0.287134
720278	0.287195
724436	0.287256
728618	0.287317
732825	0.287378
737055	0.287439
741310	0.2875
745590	0.287561
749894	0.287622
754223	0.287683
758578	0.287744
762957	0.287805
767361	0.287865
771792	0.287926
776247	0.287986
780728	0.288047
785236	0.288107
789769	0.288168
794328	0.288228
798914	0.288288
803526	0.288349
808165	0.288409
812831	0.288469
817523	0.288529
822243	0.288589
826990	0.288649
831764	0.288709
836566	0.288769
841395	0.288829
846253	0.288889
851138	0.288949
856052	0.289008
860994	0.289068
865964	0.289128
870964	0.289187
875992	0.289247
881049	0.289306
886135	0.289366
891251	0.289425
896396	0.289485
901571	0.289544
906776	0.289603
912011	0.289662
917276	0.289722
922571	0.289781
927897	0.28984
933254	0.289899
938642	0.289958
944061	0.290017
949511	0.290076
954993	0.290134
960506	0.290193
966051	0.290252
971628	0.290311
977237	0.290369
982879	0.290428
988553	0.290487
994260	0.290545
1e+06	0.290604
1.00577e+06	0.290662
1.01158e+06	0.290721
1.01742e+06	0.290779
1.02329e+06	0.290837
1.0292e+06	0.290896
1.03514e+06	0.290954
1.04112e+06	0.291012
1.04713e+06	0.29107
1.05317e+06	0.291128
1.05925e+06	0.291186
1.06537e+06	0.291244
1.07152e+06	0.291302
1.07771e+06	0.29136
1.08393e+06	0.291418
1.09018e+06	0.291476
1.09648e+06	0.291534
1.10281e+06	0.291592
1.10917e+06	0.291649
1.11558e+06	0.291707
1.12202e+06	0.291765
1.1285e+06	0.291822
1.13501e+06	0.29188
1.14156e+06	0.291937
1.14815e+06	0.291995
1.15478e+06	0.292052
1.16145e+06	0.29211
1.16815e+06	0.292167
1.1749e+06	0.292224
1.18168e+06	0.292282
1.1885e+06	0.292339
1.19536e+06	0.292396
1.20226e+06	0.292453
1.20921e+06	0.29251
1.21619e+06	0.292568
1.22321e+06	0.292625
1.23027e+06	0.292682
1.23737e+06	0.292739
1.24451e+06	0.292796
1.2517e+06	0.292852
1.25893e+06	0.292909
1.26619e+06	0.292919
1.2735e+06	0.292919
1.28086e+06	0.292919
1.28825e+06	0.292919
1.29569e+06	0.292919
1.30317e+06	0.292919
1.31069e+06	0.292919
1.31826e+06	0.292919
1.32587e+06	0.292919
1.33352e+06	0.292919
1.34122e+06	0.292919
1.34896e+06	0.292919
1.35675e+06	0.292919
1.36458e+06	0.292919
1.37246e+06	0.292919
1.38038e+06	0.292919
1.38835e+06	0.292919
1.39637e+06	0.292919
1.40443e+06	0.292919
1.41254e+06	0.292919
1.42069e+06	0.292919
1.42889e+06	0.292919
1.43714e+06	0.292919
1.44544e+06	0.292919
1.45378e+06	0.292919
1.46218e+06	0.292919
1.47062e+06	0.292919
1.47911e+06	0.292919
1.48765e+06	0.292919
1.49624e+06	0.292919
1.50487e+06	0.292919
1.51356e+06	0.292919
1.5223e+06	0.292919
1.53109e+06	0.292919
1.53993e+06	0.292919
1.54882e+06	0.292919
1.55776e+06	0.292919
1.56675e+06	0.292919
1.5758e+06	0.292919
1.58489e+06	0.292919
1.59404e+06	0.292919
1.60325e+06	0.292919
1.6125e+06	0.292919
1.62181e+06	0.292919
1.63117e+06	0.292919
1.64059e+06	0.292919
1.65006e+06	0.292919
1.65959e+06	0.292919
1.66917e+06	0.292919
1.6788e+06	0.292919
1.6885e+06	0.292919
1.69824e+06	0.292919
1.70805e+06	0.292919
1.71791e+06	0.292919
1.72783e+06	0.292919
1.7378e+06	0.292919
1.74783e+06	0.292919
1.75792e+06	0.292919
1.76807e+06	0.292919
1.77828e+06	0.292919
1.78855e+06	0.292919
1.79887e+06	0.292919
1.80926e+06	0.292919
1.8197e+06	0.292919
1.83021e+06	0.292919
1.84077e+06	0.292919
1.8514e+06	0.292919
1.86209e+06	0.292919
1.87284e+06	0.292919
1.88365e+06	0.292919
1.89452e+06	0.292919
1.90546e+06	0.292919
1.91646e+06	0.292919
1.92752e+06	0.292919
1.93865e+06	0.292919
1.94984e+06	0.292919
1.9611e+06	0.292919
1.97242e+06	0.292919
1.98381e+06	0.292919
1.99526e+06	0.292919
2.00678e+06	0.292919
2.01837e+06	0.292919
2.03002e+06	0.292919
2.04174e+06	0.292919
2.05353e+06	0.292919
2.06538e+06	0.292919
2.0773e+06	0.292919
2.0893e+06	0.292919
2.10136e+06	0.292919
2.11349e+06	0.292919
2.12569e+06	0.292919
2.13796e+06	0.292919
2.1503e+06	0.292919
2.16272e+06	0.292919
2.1752e+06	0.292919
2.18776e+06	0.292919
2.20039e+06	0.292919
2.21309e+06	0.292919
2.22587e+06	0.292919
2.23872e+06	0.292919
2.25165e+06	0.292919
2.26464e+06	0.292919
2.27772e+06	0.292919
2.29087e+06	0.292919
2.30409e+06	0.292919
2.31739e+06	0.292919
2.33077e+06	0.292919
2.34423e+06	0.292919
2.35776e+06	0.292919
2.37137e+06	0.292919
2.38506e+06	0.292919
2.39883e+06	0.292919
2.41268e+06	0.292919
2.42661e+06	0.292919
2.44062e+06	0.292919
2.45471e+06	0.292919
2.46888e+06	0.292919
2.48313e+06	0.292919
2.49747e+06	0.292919
2.51189e+06	0.292919
2.52639e+06	0.292919
2.54097e+06	0.292919
2.55564e+06	0.292919
2.5704e+06	0.292919
2.58523e+06	0.292919
2.60016e+06	0.292919
2.61517e+06	0.292919
2.63027e+06	0.292919
2.64545e+06	0.292919
2.66073e+06	0.292919
2.67609e+06	0.292919
2.69153e+06	0.292919
2.70707e+06	0.292919
2.7227e+06	0.292919
2.73842e+06	0.292919
2.75423e+06	0.292919
2.77013e+06	0.292919
2.78612e+06	0.292919
2.80221e+06	0.292919
2.81838e+06	0.292919
2.83465e+06	0.292919
2.85102e+06	0.292919
2.86748e+06	0.292919
2.88403e+06	0.292919
2.90068e+06	0.292919
2.91743e+06	0.292919
2.93427e+06	0.292919
2.95121e+06	0.292919
2.96825e+06	0.292919
2.98538e+06	0.292919
3.00262e+06	0.292919
3.01995e+06	0.292919
3.03739e+06	0.292919
3.05492e+06	0.292919
3.07256e+06	0.292919
3.0903e+06	0.292919
3.10814e+06	0.292919
3.12608e+06	0.292919
3.14413e+06	0.292919
3.16228e+06	0.292919
3.18053e+06	0.292919
3.1989e+06	0.292919
3.21736e+06	0.292919
3.23594e+06	0.292919
3.25462e+06	0.292919
3.27341e+06	0.292919
3.2923e+06	0.292919
3.31131e+06	0.292919
3.33043e+06	0.292919
3.34965e+06	0.292919
3.36899e+06	0.292919
3.38844e+06	0.292919
3.408e+06	0.292919
3.42768e+06	0.292919
3.44747e+06	0.292919
3.46737e+06	0.292919
3.48739e+06	0.292919
3.50752e+06	0.292919
3.52777e+06	0.292919
3.54813e+06	0.292919
3.56862e+06	0.292919
3.58922e+06	0.292919
3.60994e+06	0.292919
3.63078e+06	0.292919
3.65174e+06	0.292919
3.67282e+06	0.292919
3.69403e+06	0.292919
3.71535e+06	0.292919
3.7368e+06	0.292919
3.75837e+06	0.292919
3.78007e+06	0.292919
3.80189e+06	0.292919
3.82384e+06	0.292919
3.84592e+06	0.292919
3.86812e+06	0.292919
3.89045e+06	0.292919
3.91291e+06	0.292919
3.9355e+06	0.292919
3.95822e+06	0.292919
3.98107e+06	0.292919
4.00405e+06	0.292919
4.02717e+06	0.292919
4.05042e+06	0.292919
4.0738e+06	0.292919
4.09732e+06	0.292919
4.12098e+06	0.292919
4.14477e+06	0.292919
4.16869e+06	0.292919
4.19276e+06	0.292919
4.21697e+06	0.292919
4.24131e+06	0.292919
4.2658e+06	0.292919
4.29042e+06	0.292919
4.31519e+06	0.292919
4.3401e+06	0.292919
4.36516e+06	0.292919
4.39036e+06	0.292919
4.4157e+06	0.292919
4.4412e+06	0.292919
4.46684e+06	0.292919
4.49262e+06	0.292919
4.51856e+06	0.292919
4.54465e+06	0.292919
4.57088e+06	0.292919
4.59727e+06	0.292919
4.62381e+06	0.292919
4.6505e+06	0.292919
4.67735e+06	0.292919
4.70435e+06	0.292919
4.73151e+06	0.292919
4.75883e+06	0.292919
4.7863e+06	0.292919
4.81393e+06	0.292919
4.84172e+06	0.292919
4.86968e+06	0.292919
4.89779e+06	0.292919
4.92606e+06	0.292919
4.9545e+06	0.292919
4.9831e+06	0.292919
5.01187e+06	0.292919
5.04081e+06	0.292919
5.06991e+06	0.292919
5.09918e+06	0.292919
5.12861e+06	0.292919
5.15822e+06	0.292919
5.188e+06	0.292919
5.21795e+06	0.292919
5.24807e+06	0.292919
5.27837e+06	0.292919
5.30884e+06	0.292919
5.33949e+06	0.292919
5.37032e+06	0.292919
5.40132e+06	0.292919
5.4325e+06	0.292919
5.46387e+06	0.292919
5.49541e+06	0.292919
5.52713e+06	0.292919
5.55904e+06	0.292919
5.59114e+06	0.292919
5.62341e+06	0.292919
5.65588e+06	0.292919
5.68853e+06	0.292919
5.72137e+06	0.292919
5.7544e+06	0.292919
5.78762e+06	0.292919
5.82103e+06	0.292919
5.85464e+06	0.292919
5.88844e+06	0.292919
5.92243e+06	0.292919
5.95662e+06	0.292919
5.99101e+06	0.292919
6.0256e+06	0.292919
6.06038e+06	0.292919
6.09537e+06	0.292919
6.13056e+06	0.292919
6.16595e+06	0.292919
6.20155e+06	0.292919
6.23735e+06	0.292919
6.27336e+06	0.292919
6.30957e+06	0.292919
6.346e+06	0.292919
6.38263e+06	0.292919
6.41948e+06	0.292919
6.45654e+06	0.292919
6.49382e+06	0.292919
6.53131e+06	0.292919
6.56901e+06	0.292919
6.60693e+06	0.292919
6.64508e+06	0.292919
6.68344e+06	0.292919
6.72202e+06	0.292919
6.76083e+06	0.292919
6.79986e+06	0.292919
6.83912e+06	0.292919
6.8786e+06	0.292919
6.91831e+06	0.292919
6.95825e+06	0.292919
6.99842e+06	0.292919
7.03882e+06	0.292919
7.07946e+06	0.292919
7.12033e+06	0.292919
7.16143e+06	0.292919
7.20278e+06	0.292919
7.24436e+06	0.292919
7.28618e+06	0.292919
7.32825e+06	0.292919
7.37055e+06	0.292919
7.4131e+06	0.292919
7.4559e+06	0.292919
7.49894e+06	0.292919
7.54223e+06	0.292919
7.58578e+06	0.292919
7.62957e+06	0.292919
7.67361e+06	0.292919
7.71792e+06	0.292919
7.76247e+06	0.292919
7.80728e+06	0.292919
7.85236e+06	0.292919
7.89769e+06	0.292919
7.94328e+06	0.292919
7.98914e+06	0.292919
8.03526e+06	0.292919
8.08165e+06	0.292919
8.12831e+06	0.292919
8.17523e+06	0.292919
8.22243e+06	0.292919
8.2699e+06	0.292919
8.31764e+06	0.292919
8.36566e+06	0.292919
8.41395e+06	0.292919
8.46253e+06	0.292919
8.51138e+06	0.292919
8.56052e+06	0.292919
8.60994e+06	0.292919
8.65964e+06	0.292919
8.70964e+06	0.292919
8.75992e+06	0.292919
8.81049e+06	0.292919
8.86135e+06	0.292919
8.91251e+06	0.292919
8.96396e+06	0.292919
9.01571e+06	0.292919
9.06776e+06	0.292919
9.12011e+06	0.292919
9.17276e+06	0.292919
9.22571e+06	0.292919
9.27897e+06	0.292919
9.33254e+06	0.292919
9.38642e+06	0.292919
9.44061e+06	0.292919
9.49511e+06	0.292919
9.54993e+06	0.292919
9.60506e+06	0.292919
9.66051e+06	0.292919
9.71628e+06	0.292919
9.77237e+06	0.292919
9.82879e+06	0.292919
9.88553e+06	0.292919
9.9426e+06	0.292919
1e+07	0.292919
