Stopping power dEdx from Ionisation for mu- Z = 0 in G4_Si, process name: muIoni
E [MeV]	dEdx [MeV/mm]
0.001	29.3193
0.00100577	29.5517
0.00101158	29.7817
0.00101742	30.0095
0.00102329	30.2349
0.0010292	30.4582
0.00103514	30.6793
0.00104112	30.8982
0.00104713	31.1149
0.00105317	31.3296
0.00105925	31.5423
0.00106537	31.7529
0.00107152	31.9616
0.00107771	32.1683
0.00108393	32.3818
0.00109018	32.5958
0.00109648	32.7826
0.00110281	32.9224
0.00110917	33.0613
0.00111558	33.1992
0.00112202	33.3362
0.0011285	33.4723
0.00113501	33.6075
0.00114156	33.7419
0.00114815	33.8754
0.00115478	34.0082
0.00116145	34.1404
0.00116815	34.2723
0.0011749	34.4035
0.00118168	34.5339
0.0011885	34.6636
0.00119536	34.7925
0.00120226	34.9208
0.00120921	35.0484
0.00121619	35.1784
0.00122321	35.3622
0.00123027	35.5443
0.00123737	35.7287
0.00124451	35.914
0.0012517	36.0978
0.00125893	36.2801
0.00126619	36.461
0.0012735	36.6404
0.00128086	36.8183
0.00128825	36.9949
0.00129569	37.1702
0.00130317	37.3441
0.00131069	37.5166
0.00131826	37.6879
0.00132587	37.8579
0.00133352	38.0267
0.00134122	38.1943
0.00134896	38.3607
0.00135675	38.5266
0.00136458	38.6919
0.00137246	38.8561
0.00138038	39.0191
0.00138835	39.1815
0.00139637	39.3453
0.00140443	39.5081
0.00141254	39.6698
0.00142069	39.8305
0.00142889	39.9902
0.00143714	40.1489
0.00144544	40.3067
0.00145378	40.4635
0.00146218	40.6247
0.00147062	40.7936
0.00147911	40.9615
0.00148765	41.1285
0.00149624	41.2945
0.00150487	41.4596
0.00151356	41.6238
0.0015223	41.7871
0.00153109	41.9496
0.00153993	42.1112
0.00154882	42.2288
0.00155776	42.3377
0.00156675	42.4464
0.0015758	42.555
0.00158489	42.6634
0.00159404	42.7716
0.00160325	42.8797
0.0016125	42.9876
0.00162181	43.0954
0.00163117	43.2031
0.00164059	43.3106
0.00165006	43.418
0.00165959	43.5253
0.00166917	43.6325
0.0016788	43.7396
0.0016885	43.8466
0.00169824	43.9536
0.00170805	44.0656
0.00171791	44.1811
0.00172783	44.2965
0.0017378	44.4117
0.00174783	44.5295
0.00175792	44.6473
0.00176807	44.765
0.00177828	44.8826
0.00178855	45.0001
0.00179887	45.1175
0.00180926	45.2348
0.0018197	45.352
0.00183021	45.4692
0.00184077	45.5863
0.0018514	45.7033
0.00186209	45.8203
0.00187284	45.9372
0.00188365	46.0541
0.00189452	46.1709
0.00190546	46.2877
0.00191646	46.4044
0.00192752	46.5207
0.00193865	46.6306
0.00194984	46.743
0.0019611	46.8583
0.00197242	46.9738
0.00198381	47.0892
0.00199526	47.2047
0.00200678	47.3203
0.00201837	47.4359
0.00203002	47.5516
0.00204174	47.6673
0.00205353	47.783
0.00206538	47.8989
0.0020773	48.0148
0.0020893	48.1307
0.00210136	48.2467
0.00211349	48.3628
0.00212569	48.4789
0.00213796	48.5951
0.0021503	48.7114
0.00216272	48.8278
0.0021752	48.9442
0.00218776	49.0607
0.00220039	49.1795
0.00221309	49.2984
0.00222587	49.4174
0.00223872	49.5365
0.00225165	49.6557
0.00226464	49.7749
0.00227772	49.8942
0.00229087	50.0135
0.00230409	50.1329
0.00231739	50.2644
0.00233077	50.415
0.00234423	50.5652
0.00235776	50.715
0.00237137	50.8645
0.00238506	51.0137
0.00239883	51.1625
0.00241268	51.3109
0.00242661	51.4687
0.00244062	51.6063
0.00245471	51.7319
0.00246888	51.8575
0.00248313	51.9831
0.00249747	52.1086
0.00251189	52.2342
0.00252639	52.3598
0.00254097	52.4855
0.00255564	52.6111
0.0025704	52.7367
0.00258523	52.8623
0.00260016	52.988
0.00261517	53.1136
0.00263027	53.2392
0.00264545	53.3649
0.00266073	53.4906
0.00267609	53.6162
0.00269153	53.7419
0.00270707	53.8588
0.0027227	53.97
0.00273842	54.0813
0.00275423	54.1927
0.00277013	54.3042
0.00278612	54.4158
0.00280221	54.5274
0.00281838	54.6392
0.00283465	54.751
0.00285102	54.8629
0.00286748	54.9749
0.00288403	55.087
0.00290068	55.1995
0.00291743	55.3132
0.00293427	55.4271
0.00295121	55.541
0.00296825	55.6552
0.00298538	55.7694
0.00300262	55.8837
0.00301995	55.9982
0.00303739	56.1129
0.00305492	56.2226
0.00307256	56.3316
0.0030903	56.417
0.00310814	56.4686
0.00312608	56.5214
0.00314413	56.5755
0.00316228	56.6306
0.00318053	56.6869
0.0031989	56.7444
0.00321736	56.8029
0.00323594	56.8625
0.00325462	56.9232
0.00327341	56.9849
0.0032923	57.0477
0.00331131	57.1115
0.00333043	57.1763
0.00334965	57.2422
0.00336899	57.3089
0.00338844	57.3815
0.003408	57.4611
0.00342768	57.5415
0.00344747	57.6228
0.00346737	57.7049
0.00348739	57.7731
0.00350752	57.8414
0.00352777	57.9105
0.00354813	57.9806
0.00356862	58.0515
0.00358922	58.1232
0.00360994	58.1958
0.00363078	58.2692
0.00365174	58.347
0.00367282	58.4396
0.00369403	58.5327
0.00371535	58.6264
0.0037368	58.7206
0.00375837	58.8152
0.00378007	58.9104
0.00380189	59.006
0.00382384	59.1022
0.00384592	59.1988
0.00386812	59.2959
0.00389045	59.3949
0.00391291	59.4942
0.0039355	59.5938
0.00395822	59.6938
0.00398107	59.794
0.00400405	59.8946
0.00402717	59.9954
0.00405042	60.0966
0.0040738	60.198
0.00409732	60.2996
0.00412098	60.4016
0.00414477	60.5038
0.00416869	60.6062
0.00419276	60.709
0.00421697	60.8119
0.00424131	60.9151
0.0042658	61.0138
0.00429042	61.1062
0.00431519	61.1988
0.0043401	61.2917
0.00436516	61.3918
0.00439036	61.494
0.0044157	61.5964
0.0044412	61.699
0.00446684	61.8018
0.00449262	61.9048
0.00451856	62.008
0.00454465	62.1113
0.00457088	62.2148
0.00459727	62.3185
0.00462381	62.4224
0.0046505	62.4884
0.00467735	62.5537
0.00470435	62.6196
0.00473151	62.686
0.00475883	62.753
0.0047863	62.8205
0.00481393	62.8886
0.00484172	62.9579
0.00486968	63.0223
0.00489779	63.0654
0.00492606	63.1096
0.0049545	63.1547
0.0049831	63.2009
0.00501187	63.248
0.00504081	63.2961
0.00506991	63.3451
0.00509918	63.395
0.00512861	63.4458
0.00515822	63.4976
0.005188	63.5502
0.00521795	63.6037
0.00524807	63.658
0.00527837	63.7131
0.00530884	63.7691
0.00533949	63.8259
0.00537032	63.8834
0.00540132	63.9457
0.0054325	64.0256
0.00546387	64.106
0.00549541	64.1776
0.00552713	64.2467
0.00555904	64.3161
0.00559114	64.386
0.00562341	64.4562
0.00565588	64.5268
0.00568853	64.5978
0.00572137	64.6691
0.0057544	64.7408
0.00578762	64.8129
0.00582103	64.8922
0.00585464	64.9736
0.00588844	65.0552
0.00592243	65.1371
0.00595662	65.2192
0.00599101	65.3016
0.0060256	65.3842
0.00606038	65.467
0.00609537	65.5486
0.00613056	65.6282
0.00616595	65.7079
0.00620155	65.756
0.00623735	65.8042
0.00627336	65.8529
0.00630957	65.9021
0.006346	65.9518
0.00638263	66.0019
0.00641948	66.0526
0.00645654	66.1037
0.00649382	66.1552
0.00653131	66.2072
0.00656901	66.2596
0.00660693	66.3125
0.00664508	66.3657
0.00668344	66.4194
0.00672202	66.4734
0.00676083	66.528
0.00679986	66.5859
0.00683912	66.6442
0.0068786	66.7029
0.00691831	66.762
0.00695825	66.8244
0.00699842	66.8897
0.00703882	66.9552
0.00707946	67.0208
0.00712033	67.0866
0.00716143	67.1526
0.00720278	67.2187
0.00724436	67.2849
0.00728618	67.3512
0.00732825	67.3974
0.00737055	67.438
0.0074131	67.479
0.0074559	67.5204
0.00749894	67.562
0.00754223	67.604
0.00758578	67.6465
0.00762957	67.6903
0.00767361	67.7343
0.00771792	67.774
0.00776247	67.8029
0.00780728	67.8335
0.00785236	67.8645
0.00789769	67.896
0.00794328	67.9279
0.00798914	67.9602
0.00803526	67.993
0.00808165	68.0262
0.00812831	68.0597
0.00817523	68.0937
0.00822243	68.1281
0.0082699	68.1628
0.00831764	68.1979
0.00836566	68.2334
0.00841395	68.2692
0.00846253	68.3054
0.00851138	68.3419
0.00856052	68.3876
0.00860994	68.4335
0.00865964	68.4795
0.00870964	68.5232
0.00875992	68.5629
0.00881049	68.6027
0.00886135	68.6427
0.00891251	68.6829
0.00896396	68.7232
0.00901571	68.7638
0.00906776	68.8045
0.00912011	68.8456
0.00917276	68.8872
0.00922571	68.929
0.00927897	68.9554
0.00933254	68.9692
0.00938642	68.9833
0.00944061	68.9977
0.00949511	69.0124
0.00954993	69.0273
0.00960506	69.0425
0.00966051	69.0583
0.00971628	69.0802
0.00977237	69.0857
0.00982879	69.0875
0.00988553	69.0896
0.0099426	69.0921
0.01	69.095
0.0100577	69.0982
0.0101158	69.1019
0.0101742	69.1059
0.0102329	69.1102
0.010292	69.1149
0.0103514	69.12
0.0104112	69.1254
0.0104713	69.1311
0.0105317	69.1371
0.0105925	69.1435
0.0106537	69.1509
0.0107152	69.159
0.0107771	69.1674
0.0108393	69.159
0.0109018	69.1458
0.0109648	69.133
0.0110281	69.1208
0.0110917	69.1089
0.0111558	69.0973
0.0112202	69.086
0.011285	69.075
0.0113501	69.0642
0.0114156	69.0538
0.0114815	69.0436
0.0115478	69.0336
0.0116145	69.0385
0.0116815	69.0505
0.011749	69.0626
0.0118168	69.0747
0.011885	69.0868
0.0119536	69.099
0.0120226	69.1113
0.0120921	69.1235
0.0121619	69.1357
0.0122321	69.1348
0.0123027	69.1341
0.0123737	69.1236
0.0124451	69.1055
0.012517	69.0876
0.0125893	69.07
0.0126619	69.0526
0.012735	69.0355
0.0128086	69.0186
0.0128825	69.0019
0.0129569	68.9854
0.0130317	68.9691
0.0131069	68.953
0.0131826	68.9372
0.0132587	68.9215
0.0133352	68.906
0.0134122	68.8908
0.0134896	68.8757
0.0135675	68.863
0.0136458	68.8518
0.0137246	68.8417
0.0138038	68.8318
0.0138835	68.8206
0.0139637	68.7968
0.0140443	68.7732
0.0141254	68.7498
0.0142069	68.7267
0.0142889	68.7038
0.0143714	68.6811
0.0144544	68.6586
0.0145378	68.6363
0.0146218	68.6065
0.0147062	68.5624
0.0147911	68.5186
0.0148765	68.4752
0.0149624	68.4321
0.0150487	68.3893
0.0151356	68.3469
0.015223	68.3051
0.0153109	68.2639
0.0153993	68.2229
0.0154882	68.1879
0.0155776	68.1554
0.0156675	68.1229
0.015758	68.0904
0.0158489	68.0579
0.0159404	68.0253
0.0160325	67.9928
0.016125	67.9602
0.0162181	67.9276
0.0163117	67.8949
0.0164059	67.8623
0.0165006	67.8297
0.0165959	67.797
0.0166917	67.7644
0.016788	67.7318
0.016885	67.6991
0.0169824	67.6665
0.0170805	67.624
0.0171791	67.5739
0.0172783	67.5239
0.017378	67.474
0.0174783	67.4251
0.0175792	67.3764
0.0176807	67.3277
0.0177828	67.2792
0.0178855	67.2308
0.0179887	67.1825
0.0180926	67.1343
0.018197	67.0863
0.0183021	67.0449
0.0184077	67.0078
0.018514	66.9707
0.0186209	66.9336
0.0187284	66.8965
0.0188365	66.8594
0.0189452	66.8223
0.0190546	66.7852
0.0191646	66.7481
0.0192752	66.7108
0.0193865	66.6526
0.0194984	66.5879
0.019611	66.5145
0.0197242	66.4413
0.0198381	66.3684
0.0199526	66.2957
0.0200678	66.2232
0.0201837	66.1511
0.0203002	66.0791
0.0204174	66.0074
0.0205353	65.936
0.0206538	65.8648
0.020773	65.7939
0.020893	65.7232
0.0210136	65.6527
0.0211349	65.5825
0.0212569	65.5127
0.0213796	65.4436
0.021503	65.3747
0.0216272	65.3061
0.021752	65.2377
0.0218776	65.1696
0.0220039	65.0917
0.0221309	65.013
0.0222587	64.9346
0.0223872	64.8565
0.0225165	64.7787
0.0226464	64.7012
0.0227772	64.624
0.0229087	64.5471
0.0230409	64.4705
0.0231739	64.3902
0.0233077	64.3023
0.0234423	64.2148
0.0235776	64.1277
0.0237137	64.0409
0.0238506	63.9545
0.0239883	63.8684
0.0241268	63.7828
0.0242661	63.6954
0.0244062	63.6073
0.0245471	63.5186
0.0246888	63.4301
0.0248313	63.3418
0.0249747	63.2539
0.0251189	63.1661
0.0252639	63.0786
0.0254097	62.9914
0.0255564	62.9045
0.025704	62.8178
0.0258523	62.7313
0.0260016	62.6451
0.0261517	62.5592
0.0263027	62.4735
0.0264545	62.3881
0.0266073	62.303
0.0267609	62.2182
0.0269153	62.1336
0.0270707	62.0447
0.027227	61.9524
0.0273842	61.8602
0.0275423	61.7684
0.0277013	61.6768
0.0278612	61.5856
0.0280221	61.4947
0.0281838	61.4041
0.0283465	61.3138
0.0285102	61.2239
0.0286748	61.1343
0.0288403	61.045
0.0290068	60.9561
0.0291743	60.8674
0.0293427	60.779
0.0295121	60.691
0.0296825	60.6032
0.0298538	60.5158
0.0300262	60.4287
0.0301995	60.3419
0.0303739	60.2556
0.0305492	60.1584
0.0307256	60.0588
0.030903	59.9576
0.0310814	59.8526
0.0312608	59.7481
0.0314413	59.644
0.0316228	59.5404
0.0318053	59.4371
0.031989	59.3343
0.0321736	59.2318
0.0323594	59.1298
0.0325462	59.0282
0.0327341	58.927
0.032923	58.8263
0.0331131	58.7259
0.0333043	58.626
0.0334965	58.5266
0.0336899	58.4275
0.0338844	58.3272
0.03408	58.2243
0.0342768	58.1219
0.0344747	58.0199
0.0346737	57.9184
0.0348739	57.8132
0.0350752	57.7078
0.0352777	57.6029
0.0354813	57.4985
0.0356862	57.3945
0.0358922	57.291
0.0360994	57.1879
0.0363078	57.0853
0.0365174	56.9824
0.0367282	56.8718
0.0369403	56.7618
0.0371535	56.6522
0.037368	56.5431
0.0375837	56.4346
0.0378007	56.3265
0.0380189	56.2189
0.0382384	56.1118
0.0384592	56.0052
0.0386812	55.8956
0.0389045	55.7814
0.0391291	55.6678
0.039355	55.5546
0.0395822	55.442
0.0398107	55.3299
0.0400405	55.2184
0.0402717	55.1074
0.0405042	54.9969
0.040738	54.8869
0.0409732	54.7774
0.0412098	54.6685
0.0414477	54.5601
0.0416869	54.4523
0.0419276	54.3451
0.0421697	54.2384
0.0424131	54.1322
0.042658	54.0246
0.0429042	53.9132
0.0431519	53.8024
0.043401	53.692
0.0436516	53.5788
0.0439036	53.4646
0.044157	53.3509
0.044412	53.2378
0.0446684	53.1253
0.0449262	53.0133
0.0451856	52.9018
0.0454465	52.7909
0.0457088	52.6805
0.0459727	52.5707
0.0462381	52.4615
0.046505	52.3484
0.0467735	52.2352
0.0470435	52.1226
0.0473151	52.0106
0.0475883	51.8991
0.047863	51.7881
0.0481393	51.6778
0.0484172	51.566
0.0486968	51.451
0.0489779	51.3323
0.0492606	51.2143
0.049545	51.0969
0.049831	50.98
0.0501187	50.8639
0.0504081	50.7483
0.0506991	50.6333
0.0509918	50.5189
0.0512861	50.4051
0.0515822	50.2918
0.05188	50.1791
0.0521795	50.0669
0.0524807	49.9554
0.0527837	49.8443
0.0530884	49.7339
0.0533949	49.624
0.0537032	49.5146
0.0540132	49.4056
0.054325	49.2937
0.0546387	49.1825
0.0549541	49.0695
0.0552713	48.9558
0.0555904	48.8427
0.0559114	48.7301
0.0562341	48.6182
0.0565588	48.5067
0.0568853	48.3959
0.0572137	48.2856
0.057544	48.1759
0.0578762	48.0668
0.0582103	47.9525
0.0585464	47.8361
0.0588844	47.7203
0.0592243	47.6051
0.0595662	47.4905
0.0599101	47.3765
0.060256	47.263
0.0606038	47.1502
0.0609537	47.0365
0.0613056	46.9205
0.0616595	46.8051
0.0620155	46.688
0.0623735	46.5711
0.0627336	46.4549
0.0630957	46.3392
0.06346	46.2242
0.0638263	46.1098
0.0641948	45.9959
0.0645654	45.8827
0.0649382	45.7701
0.0653131	45.658
0.0656901	45.5466
0.0660693	45.4357
0.0664508	45.3254
0.0668344	45.2158
0.0672202	45.1068
0.0676083	44.9983
0.0679986	44.8869
0.0683912	44.7756
0.068786	44.6648
0.0691831	44.5546
0.0695825	44.4442
0.0699842	44.333
0.0703882	44.2224
0.0707946	44.1123
0.0712033	44.0028
0.0716143	43.8939
0.0720278	43.7855
0.0724436	43.6777
0.0728618	43.5704
0.0732825	43.4613
0.0737055	43.3512
0.074131	43.2417
0.074559	43.1327
0.0749894	43.0244
0.0754223	42.9167
0.0758578	42.8095
0.0762957	42.7027
0.0767361	42.5964
0.0771792	42.4905
0.0776247	42.3786
0.0780728	42.2651
0.0785236	42.1521
0.0789769	42.0397
0.0794328	41.9279
0.0798914	41.8167
0.0803526	41.7061
0.0808165	41.596
0.0812831	41.4865
0.0817523	41.3776
0.0822243	41.2693
0.082699	41.1615
0.0831764	41.0543
0.0836566	40.9478
0.0841395	40.8418
0.0846253	40.7364
0.0851138	40.6315
0.0856052	40.5249
0.0860994	40.4183
0.0865964	40.3123
0.0870964	40.2062
0.0875992	40.0971
0.0881049	39.9886
0.0886135	39.8806
0.0891251	39.7733
0.0896396	39.6664
0.0901571	39.5601
0.0906776	39.4544
0.0912011	39.3491
0.0917276	39.2443
0.0922571	39.14
0.0927897	39.0355
0.0933254	38.9299
0.0938642	38.825
0.0944061	38.7205
0.0949511	38.6166
0.0954993	38.5132
0.0960506	38.4104
0.0966051	38.3081
0.0971628	38.2012
0.0977237	38.0927
0.0982879	37.9839
0.0988553	37.8757
0.099426	37.768
0.1	37.6609
0.100577	37.5545
0.101158	37.4486
0.101742	37.3432
0.102329	37.2384
0.10292	37.1342
0.103514	37.0304
0.104112	36.9272
0.104713	36.8246
0.105317	36.7224
0.105925	36.6208
0.106537	36.5195
0.107152	36.4185
0.107771	36.318
0.108393	36.2171
0.109018	36.1159
0.109648	36.0152
0.110281	35.9134
0.110917	35.8122
0.111558	35.7115
0.112202	35.6113
0.11285	35.5116
0.113501	35.4125
0.114156	35.3139
0.114815	35.2158
0.115478	35.1182
0.116145	35.02
0.116815	34.9145
0.11749	34.8095
0.118168	34.7051
0.11885	34.6012
0.119536	34.4979
0.120226	34.3952
0.120921	34.2929
0.121619	34.1912
0.122321	34.0882
0.123027	33.9854
0.123737	33.8827
0.124451	33.7797
0.12517	33.6772
0.125893	33.5753
0.126619	33.4739
0.12735	33.373
0.128086	33.2727
0.128825	33.1729
0.129569	33.0736
0.130317	32.9748
0.131069	32.8766
0.131826	32.7789
0.132587	32.6816
0.133352	32.585
0.134122	32.4889
0.134896	32.3933
0.135675	32.2962
0.136458	32.1945
0.137246	32.093
0.138038	31.9919
0.138835	31.8913
0.139637	31.7905
0.140443	31.69
0.141254	31.59
0.142069	31.4906
0.142889	31.3917
0.143714	31.2933
0.144544	31.1955
0.145378	31.0986
0.146218	31.0032
0.147062	30.9065
0.147911	30.8103
0.148765	30.7146
0.149624	30.6194
0.150487	30.5248
0.151356	30.4306
0.15223	30.3367
0.153109	30.2429
0.153993	30.1496
0.154882	30.056
0.155776	29.9567
0.156675	29.858
0.15758	29.7598
0.158489	29.6621
0.159404	29.565
0.160325	29.4684
0.16125	29.3722
0.162181	29.2766
0.163117	29.1815
0.164059	29.0869
0.165006	28.9928
0.165959	28.8992
0.166917	28.8061
0.16788	28.7136
0.16885	28.6216
0.169824	28.53
0.170805	28.4387
0.171791	28.3468
0.172783	28.2553
0.17378	28.1644
0.174783	28.0715
0.175792	27.977
0.176807	27.8831
0.177828	27.7896
0.178855	27.6966
0.179887	27.6041
0.180926	27.5122
0.18197	27.4207
0.183021	27.3291
0.184077	27.2377
0.18514	27.1468
0.186209	27.0564
0.187284	26.9665
0.188365	26.877
0.189452	26.7881
0.190546	26.6996
0.191646	26.6115
0.192752	26.524
0.193865	26.4351
0.194984	26.342
0.19611	26.2484
0.197242	26.1553
0.198381	26.0626
0.199526	25.9705
0.200678	25.8828
0.201837	25.798
0.203002	25.7132
0.204174	25.6285
0.205353	25.5438
0.206538	25.4592
0.20773	25.3747
0.20893	25.2902
0.210136	25.2058
0.211349	25.1214
0.212569	24.9455
0.213796	24.8628
0.21503	24.7802
0.216272	24.6976
0.21752	24.6151
0.218776	24.5326
0.220039	24.5977
0.221309	24.5143
0.222587	24.4311
0.223872	24.3479
0.225165	24.2648
0.226464	24.1818
0.227772	24.0989
0.229087	24.0162
0.230409	23.9335
0.231739	23.8509
0.233077	23.7685
0.234423	23.6861
0.235776	23.6039
0.237137	23.5218
0.238506	23.4398
0.239883	23.3579
0.241268	23.2761
0.242661	23.1945
0.244062	23.113
0.245471	23.0316
0.246888	22.9504
0.248313	22.8693
0.249747	22.7883
0.251189	22.7075
0.252639	22.6268
0.254097	22.5463
0.255564	22.4659
0.25704	22.3856
0.258523	22.3055
0.260016	22.2256
0.261517	22.1458
0.263027	22.0661
0.264545	21.9866
0.266073	21.8625
0.267609	21.7842
0.269153	21.706
0.270707	21.628
0.27227	21.5502
0.273842	21.4725
0.275423	21.4564
0.277013	21.3771
0.278612	21.2979
0.280221	21.219
0.281838	21.1402
0.283465	21.0616
0.285102	20.9832
0.286748	20.9049
0.288403	20.8269
0.290068	20.749
0.291743	20.6713
0.293427	20.5938
0.295121	20.5165
0.296825	20.4394
0.298538	20.3624
0.300262	20.2857
0.301995	20.2091
0.303739	20.1328
0.305492	20.0566
0.307256	19.9806
0.30903	19.9048
0.310814	19.8292
0.312608	19.7538
0.314413	19.6786
0.316228	19.6036
0.318053	19.5288
0.31989	19.4313
0.321736	19.3575
0.323594	19.2838
0.325462	19.2103
0.327341	19.137
0.32923	19.1136
0.331131	19.0403
0.333043	18.9673
0.334965	18.8945
0.336899	18.8219
0.338844	18.7495
0.3408	18.6773
0.342768	18.6053
0.344747	18.5335
0.346737	18.462
0.348739	18.3906
0.350752	18.3195
0.352777	18.2486
0.354813	18.1779
0.356862	18.1074
0.358922	18.0372
0.360994	17.9671
0.363078	17.8973
0.365174	17.8277
0.367282	17.7583
0.369403	17.6891
0.371535	17.6201
0.37368	17.5397
0.375837	17.4715
0.378007	17.4035
0.380189	17.3357
0.382384	17.2682
0.384592	17.2185
0.386812	17.151
0.389045	17.0837
0.391291	17.0166
0.39355	16.9498
0.395822	16.8832
0.398107	16.8167
0.400405	16.7505
0.402717	16.6845
0.405042	16.6188
0.40738	16.5532
0.409732	16.4879
0.412098	16.451
0.414477	16.3857
0.416869	16.3206
0.419276	16.2557
0.421697	16.1911
0.424131	16.1266
0.42658	16.0561
0.429042	15.9924
0.431519	15.9289
0.43401	15.8656
0.436516	15.8026
0.439036	15.7398
0.44157	15.6771
0.44412	15.6147
0.446684	15.5525
0.449262	15.4905
0.451856	15.4287
0.454465	15.3672
0.457088	15.3058
0.459727	15.2446
0.462381	15.1837
0.46505	15.1229
0.467735	15.0915
0.470435	15.0307
0.473151	14.9701
0.475883	14.9098
0.47863	14.8496
0.481393	14.7897
0.484172	14.73
0.486968	14.6704
0.489779	14.6111
0.492606	14.552
0.49545	14.493
0.49831	14.4343
0.501187	14.3758
0.504081	14.3175
0.506991	14.2594
0.509918	14.2015
0.512861	14.1437
0.515822	14.0862
0.5188	14.0289
0.521795	13.9718
0.524807	13.9148
0.527837	13.8581
0.530884	13.8016
0.533949	13.7419
0.537032	13.686
0.540132	13.6302
0.54325	13.5746
0.546387	13.5193
0.549541	13.4641
0.552713	13.4582
0.555904	13.4028
0.559114	13.3475
0.562341	13.2924
0.565588	13.2375
0.568853	13.1828
0.572137	13.1283
0.57544	13.074
0.578762	13.0199
0.582103	12.966
0.585464	12.9122
0.588844	12.8587
0.592243	12.8053
0.595662	12.7521
0.599101	12.6991
0.60256	12.6463
0.606038	12.5937
0.609537	12.5413
0.613056	12.4891
0.616595	12.437
0.620155	12.3851
0.623735	12.3335
0.627336	12.282
0.630957	12.2306
0.6346	12.1795
0.638263	12.1286
0.641948	12.0792
0.645654	12.0287
0.649382	11.9784
0.653131	11.9282
0.656901	11.8783
0.660693	11.8285
0.664508	11.7789
0.668344	11.7295
0.672202	11.6803
0.676083	11.6313
0.679986	11.5824
0.683912	11.5337
0.68786	11.4852
0.691831	11.4369
0.695825	11.3887
0.699842	11.3407
0.703882	11.2929
0.707946	11.2453
0.712033	11.1979
0.716143	11.1506
0.720278	11.1035
0.724436	11.0566
0.728618	11.0098
0.732825	10.9633
0.737055	10.9169
0.74131	10.8706
0.74559	10.8246
0.749894	10.7812
0.754223	10.7355
0.758578	10.6899
0.762957	10.6446
0.767361	10.5994
0.771792	10.5544
0.776247	10.5095
0.780728	10.4648
0.785236	10.4203
0.789769	10.376
0.794328	10.3318
0.798914	10.2878
0.803526	10.2463
0.808165	10.2027
0.812831	10.1592
0.817523	10.1159
0.822243	10.0728
0.82699	10.0298
0.831764	10.0101
0.836566	9.96693
0.841395	9.92397
0.846253	9.88117
0.851138	9.83854
0.856052	9.79607
0.860994	9.75377
0.865964	9.71163
0.870964	9.66966
0.875992	9.62786
0.881049	9.58621
0.886135	9.54474
0.891251	9.50342
0.896396	9.46227
0.901571	9.42128
0.906776	9.38045
0.912011	9.34324
0.917276	9.30272
0.922571	9.26236
0.927897	9.22217
0.933254	9.18213
0.938642	9.14226
0.944061	9.10254
0.949511	9.06298
0.954993	9.02358
0.960506	8.98434
0.966051	8.94526
0.971628	8.90633
0.977237	8.86757
0.982879	8.82895
0.988553	8.7905
0.99426	8.75219
1	8.71405
1.00577	8.67605
1.01158	8.63822
1.01742	8.60053
1.02329	8.563
1.0292	8.52562
1.03514	8.48839
1.04112	8.45132
1.04713	8.41439
1.05317	8.37762
1.05925	8.341
1.06537	8.30452
1.07152	8.2682
1.07771	8.23789
1.08393	8.20186
1.09018	8.16597
1.09648	8.13024
1.10281	8.09465
1.10917	8.0592
1.11558	8.02391
1.12202	7.98875
1.1285	7.95375
1.13501	7.91888
1.14156	7.88416
1.14815	7.84959
1.15478	7.81516
1.16145	7.78087
1.16815	7.74672
1.1749	7.71272
1.18168	7.67885
1.1885	7.64513
1.19536	7.61154
1.20226	7.5781
1.20921	7.5448
1.21619	7.51163
1.22321	7.4786
1.23027	7.44572
1.23737	7.41296
1.24451	7.38035
1.2517	7.34787
1.25893	7.31553
1.26619	7.28332
1.2735	7.25125
1.28086	7.21931
1.28825	7.18751
1.29569	7.15584
1.30317	7.1243
1.31069	7.0929
1.31826	7.06163
1.32587	7.03049
1.33352	6.99948
1.34122	6.9686
1.34896	6.93785
1.35675	6.90723
1.36458	6.87674
1.37246	6.84638
1.38038	6.81615
1.38835	6.78605
1.39637	6.71665
1.40443	6.68628
1.41254	6.65603
1.42069	6.62592
1.42889	6.59593
1.43714	6.56607
1.44544	6.53634
1.45378	6.50674
1.46218	6.47726
1.47062	6.44791
1.47911	6.41869
1.48765	6.38959
1.49624	6.36062
1.50487	6.33177
1.51356	6.30304
1.5223	6.27444
1.53109	6.24596
1.53993	6.2176
1.54882	6.18937
1.55776	6.16126
1.56675	6.13327
1.5758	6.1054
1.58489	6.07765
1.59404	6.05002
1.60325	6.0225
1.6125	5.99511
1.62181	5.97647
1.63117	5.94921
1.64059	5.92207
1.65006	5.89505
1.65959	5.86815
1.66917	5.84137
1.6788	5.8147
1.6885	5.78815
1.69824	5.76171
1.70805	5.73539
1.71791	5.70918
1.72783	5.68308
1.7378	5.6571
1.74783	5.63124
1.75792	5.60548
1.76807	5.57984
1.77828	5.55431
1.78855	5.5289
1.79887	5.50359
1.80926	5.47839
1.8197	5.45331
1.83021	5.42833
1.84077	5.40347
1.8514	5.37871
1.86209	5.35406
1.87284	5.32952
1.88365	5.30509
1.89452	5.28076
1.90546	5.25654
1.91646	5.23243
1.92752	5.20842
1.93865	5.18452
1.94984	5.16073
1.9611	5.13704
1.97242	5.11459
1.98381	5.09263
1.99526	5.07075
2.00678	5.04895
2.01837	5.02722
2.03002	5.00558
2.04174	4.98401
2.05353	4.96252
2.06538	4.94112
2.0773	4.91979
2.0893	4.89854
2.10136	4.87737
2.11349	4.85627
2.12569	4.83526
2.13796	4.81432
2.1503	4.79347
2.16272	4.77269
2.1752	4.75199
2.18776	4.73137
2.20039	4.71083
2.21309	4.69036
2.22587	4.66998
2.23872	4.64967
2.25165	4.62944
2.26464	4.60928
2.27772	4.58921
2.29087	4.56921
2.30409	4.54929
2.31739	4.52945
2.33077	4.50968
2.34423	4.49
2.35776	4.47039
2.37137	4.45085
2.38506	4.4314
2.39883	4.41201
2.41268	4.39271
2.42661	4.37348
2.44062	4.35433
2.45471	4.33526
2.46888	4.31626
2.48313	4.29734
2.49747	4.27849
2.51189	4.25972
2.52639	4.24102
2.54097	4.2224
2.55564	4.20385
2.5704	4.18538
2.58523	4.16698
2.60016	4.14866
2.61517	4.13042
2.63027	4.11224
2.64545	4.09414
2.66073	4.07612
2.67609	4.05817
2.69153	4.04029
2.70707	4.02249
2.7227	4.00475
2.73842	3.9871
2.75423	3.97463
2.77013	3.95705
2.78612	3.93955
2.80221	3.92212
2.81838	3.90476
2.83465	3.88747
2.85102	3.87026
2.86748	3.85311
2.88403	3.83604
2.90068	3.81904
2.91743	3.80212
2.93427	3.78526
2.95121	3.76847
2.96825	3.75176
2.98538	3.73512
3.00262	3.71854
3.01995	3.70204
3.03739	3.68561
3.05492	3.66924
3.07256	3.65295
3.0903	3.63672
3.10814	3.62057
3.12608	3.60448
3.14413	3.58847
3.16228	3.57252
3.18053	3.55664
3.1989	3.54082
3.21736	3.52508
3.23594	3.5094
3.25462	3.49379
3.27341	3.47825
3.2923	3.46278
3.31131	3.44737
3.33043	3.43203
3.34965	3.41675
3.36899	3.40155
3.38844	3.3864
3.408	3.37133
3.42768	3.35632
3.44747	3.34137
3.46737	3.32649
3.48739	3.31168
3.50752	3.29693
3.52777	3.28224
3.54813	3.26762
3.56862	3.25306
3.58922	3.23857
3.60994	3.22414
3.63078	3.20977
3.65174	3.19547
3.67282	3.18123
3.69403	3.16706
3.71535	3.15294
3.7368	3.13889
3.75837	3.1249
3.78007	3.11097
3.80189	3.09711
3.82384	3.0833
3.84592	3.06956
3.86812	3.05588
3.89045	3.04226
3.91291	3.03083
3.9355	3.0173
3.95822	3.00383
3.98107	2.99042
4.00405	2.97707
4.02717	2.96378
4.05042	2.95055
4.0738	2.93738
4.09732	2.92427
4.12098	2.91122
4.14477	2.89822
4.16869	2.88529
4.19276	2.87241
4.21697	2.85959
4.24131	2.84683
4.2658	2.83413
4.29042	2.82149
4.31519	2.8089
4.3401	2.79637
4.36516	2.78389
4.39036	2.77147
4.4157	2.75911
4.4412	2.7468
4.46684	2.73456
4.49262	2.72236
4.51856	2.71022
4.54465	2.69814
4.57088	2.68611
4.59727	2.67414
4.62381	2.66222
4.6505	2.65035
4.67735	2.63854
4.70435	2.62679
4.73151	2.61509
4.75883	2.60344
4.7863	2.59184
4.81393	2.5803
4.84172	2.56881
4.86968	2.55737
4.89779	2.54599
4.92606	2.53466
4.9545	2.52338
4.9831	2.51215
5.01187	2.50097
5.04081	2.48985
5.06991	2.47878
5.09918	2.46776
5.12861	2.45678
5.15822	2.44586
5.188	2.435
5.21795	2.42418
5.24807	2.41341
5.27837	2.40269
5.30884	2.39202
5.33949	2.3814
5.37032	2.37083
5.40132	2.3603
5.4325	2.34983
5.46387	2.33941
5.49541	2.32903
5.52713	2.3187
5.55904	2.30843
5.59114	2.29819
5.62341	2.28801
5.65588	2.27787
5.68853	2.26779
5.72137	2.25871
5.7544	2.24872
5.78762	2.23877
5.82103	2.22887
5.85464	2.21902
5.88844	2.20921
5.92243	2.19945
5.95662	2.18974
5.99101	2.18006
6.0256	2.17044
6.06038	2.16086
6.09537	2.15132
6.13056	2.14183
6.16595	2.13238
6.20155	2.12298
6.23735	2.11362
6.27336	2.10431
6.30957	2.09504
6.346	2.08581
6.38263	2.07663
6.41948	2.06749
6.45654	2.05839
6.49382	2.04934
6.53131	2.04032
6.56901	2.03135
6.60693	2.02243
6.64508	2.01354
6.68344	2.0047
6.72202	1.9959
6.76083	1.98714
6.79986	1.97842
6.83912	1.96974
6.8786	1.9611
6.91831	1.95251
6.95825	1.94395
6.99842	1.93544
7.03882	1.92697
7.07946	1.91853
7.12033	1.91014
7.16143	1.90178
7.20278	1.89347
7.24436	1.8852
7.28618	1.87696
7.32825	1.86877
7.37055	1.86061
7.4131	1.85249
7.4559	1.84441
7.49894	1.83637
7.54223	1.82837
7.58578	1.8204
7.62957	1.81248
7.67361	1.80459
7.71792	1.79674
7.76247	1.78892
7.80728	1.78115
7.85236	1.77341
7.89769	1.76571
7.94328	1.75804
7.98914	1.75042
8.03526	1.74282
8.08165	1.73527
8.12831	1.72775
8.17523	1.72027
8.22243	1.71282
8.2699	1.70541
8.31764	1.69804
8.36566	1.6907
8.41395	1.68339
8.46253	1.67612
8.51138	1.66889
8.56052	1.66169
8.60994	1.65453
8.65964	1.6474
8.70964	1.6403
8.75992	1.63324
8.81049	1.62621
8.86135	1.61922
8.91251	1.61226
8.96396	1.60533
9.01571	1.59844
9.06776	1.59158
9.12011	1.58476
9.17276	1.57797
9.22571	1.57121
9.27897	1.56448
9.33254	1.55779
9.38642	1.55113
9.44061	1.5445
9.49511	1.5379
9.54993	1.53134
9.60506	1.5248
9.66051	1.5183
9.71628	1.51183
9.77237	1.5054
9.82879	1.49899
9.88553	1.49262
9.9426	1.48627
10	1.47996
10.0577	1.47368
10.1158	1.46743
10.1742	1.46121
10.2329	1.45502
10.292	1.44886
10.3514	1.44273
10.4112	1.43663
10.4713	1.43056
10.5317	1.42452
10.5925	1.41851
10.6537	1.41253
10.7152	1.40658
10.7771	1.40065
10.8393	1.39476
10.9018	1.3889
10.9648	1.38306
11.0281	1.37726
11.0917	1.37148
11.1558	1.36573
11.2202	1.36001
11.285	1.35432
11.3501	1.34865
11.4156	1.34302
11.4815	1.33741
11.5478	1.33183
11.6145	1.32627
11.6815	1.32075
11.749	1.31525
11.8168	1.30978
11.885	1.30434
11.9536	1.29892
12.0226	1.29353
12.0921	1.28817
12.1619	1.28283
12.2321	1.27752
12.3027	1.27224
12.3737	1.26698
12.4451	1.26175
12.517	1.25654
12.5893	1.25136
12.6619	1.24621
12.735	1.24108
12.8086	1.23598
12.8825	1.2309
12.9569	1.22585
13.0317	1.22083
13.1069	1.21583
13.1826	1.21085
13.2587	1.2059
13.3352	1.20097
13.4122	1.19607
13.4896	1.19119
13.5675	1.18634
13.6458	1.18151
13.7246	1.17671
13.8038	1.17193
13.8835	1.16717
13.9637	1.16244
14.0443	1.15773
14.1254	1.15305
14.2069	1.14839
14.2889	1.14375
14.3714	1.13914
14.4544	1.13455
14.5378	1.12998
14.6218	1.12544
14.7062	1.12092
14.7911	1.11642
14.8765	1.11194
14.9624	1.10749
15.0487	1.10306
15.1356	1.09865
15.223	1.09426
15.3109	1.0899
15.3993	1.08556
15.4882	1.08124
15.5776	1.07694
15.6675	1.07267
15.758	1.06841
15.8489	1.06418
15.9404	1.05997
16.0325	1.05578
16.125	1.05161
16.2181	1.04747
16.3117	1.04334
16.4059	1.03924
16.5006	1.03516
16.5959	1.03109
16.6917	1.02705
16.788	1.02303
16.885	1.01903
16.9824	1.01505
17.0805	1.01109
17.1791	1.00715
17.2783	1.00323
17.378	0.999335
17.4783	0.995456
17.5792	0.991597
17.6807	0.987759
17.7828	0.983939
17.8855	0.98014
17.9887	0.97636
18.0926	0.9726
18.197	0.968859
18.3021	0.965137
18.4077	0.961435
18.514	0.957752
18.6209	0.954087
18.7284	0.950442
18.8365	0.946816
18.9452	0.943208
19.0546	0.93962
19.1646	0.936049
19.2752	0.932498
19.3865	0.928965
19.4984	0.92545
19.611	0.921953
19.7242	0.918475
19.8381	0.915015
19.9526	0.911573
20.0678	0.908148
20.1837	0.904742
20.3002	0.901354
20.4174	0.897983
20.5353	0.89463
20.6538	0.891294
20.773	0.887976
20.893	0.884675
21.0136	0.881392
21.1349	0.878126
21.2569	0.874877
21.3796	0.871645
21.503	0.86843
21.6272	0.865232
21.752	0.86205
21.8776	0.858886
22.0039	0.855738
22.1309	0.852607
22.2587	0.849493
22.3872	0.846395
22.5165	0.843313
22.6464	0.840248
22.7772	0.837198
22.9087	0.834166
23.0409	0.831149
23.1739	0.828148
23.3077	0.825163
23.4423	0.822194
23.5776	0.819241
23.7137	0.816303
23.8506	0.813381
23.9883	0.810475
24.1268	0.807584
24.2661	0.804709
24.4062	0.801849
24.5471	0.799005
24.6888	0.796175
24.8313	0.793361
24.9747	0.790562
25.1189	0.787778
25.2639	0.785009
25.4097	0.782255
25.5564	0.779515
25.704	0.776791
25.8523	0.774081
26.0016	0.771385
26.1517	0.768705
26.3027	0.766038
26.4545	0.763386
26.6073	0.760749
26.7609	0.758126
26.9153	0.755517
27.0707	0.752922
27.227	0.750341
27.3842	0.747774
27.5423	0.745221
27.7013	0.742683
27.8612	0.740158
28.0221	0.737646
28.1838	0.735149
28.3465	0.732665
28.5102	0.730195
28.6748	0.727738
28.8403	0.725295
29.0068	0.722865
29.1743	0.720448
29.3427	0.718045
29.5121	0.715655
29.6825	0.713278
29.8538	0.710914
30.0262	0.708563
30.1995	0.706226
30.3739	0.703901
30.5492	0.701589
30.7256	0.69929
30.903	0.697003
31.0814	0.694729
31.2608	0.692468
31.4413	0.69022
31.6228	0.687984
31.8053	0.68576
31.989	0.683549
32.1736	0.68135
32.3594	0.679163
32.5462	0.676989
32.7341	0.674827
32.923	0.672677
33.1131	0.670539
33.3043	0.668413
33.4965	0.666299
33.6899	0.664197
33.8844	0.662107
34.08	0.660028
34.2768	0.657962
34.4747	0.655906
34.6737	0.653863
34.8739	0.651831
35.0752	0.649811
35.2777	0.647802
35.4813	0.645805
35.6862	0.643819
35.8922	0.641844
36.0994	0.63988
36.3078	0.637928
36.5174	0.635987
36.7282	0.634057
36.9403	0.632138
37.1535	0.63023
37.368	0.628334
37.5837	0.626447
37.8007	0.624572
38.0189	0.622708
38.2384	0.620854
38.4592	0.619012
38.6812	0.617179
38.9045	0.615358
39.1291	0.613547
39.355	0.611746
39.5822	0.609956
39.8107	0.608177
40.0405	0.606407
40.2717	0.604649
40.5042	0.6029
40.738	0.601162
40.9732	0.599434
41.2098	0.597715
41.4477	0.596008
41.6869	0.59431
41.9276	0.592622
42.1697	0.590944
42.4131	0.589276
42.658	0.587618
42.9042	0.58597
43.1519	0.584331
43.401	0.582702
43.6516	0.581083
43.9036	0.579474
44.157	0.577874
44.412	0.576284
44.6684	0.574703
44.9262	0.573132
45.1856	0.57157
45.4465	0.570018
45.7088	0.568474
45.9727	0.566941
46.2381	0.565416
46.505	0.563901
46.7735	0.562395
47.0435	0.560898
47.3151	0.55941
47.5883	0.557931
47.863	0.556461
48.1393	0.555
48.4172	0.553548
48.6968	0.552105
48.9779	0.550671
49.2606	0.549246
49.545	0.547829
49.831	0.546421
50.1187	0.545022
50.4081	0.543632
50.6991	0.54225
50.9918	0.540877
51.2861	0.539512
51.5822	0.538156
51.88	0.536808
52.1795	0.535468
52.4807	0.534137
52.7837	0.532815
53.0884	0.5315
53.3949	0.530194
53.7032	0.528896
54.0132	0.527606
54.325	0.526325
54.6387	0.525052
54.9541	0.523786
55.2713	0.522529
55.5904	0.52128
55.9114	0.520038
56.2341	0.518805
56.5588	0.51758
56.8853	0.516362
57.2137	0.515152
57.544	0.51395
57.8762	0.512756
58.2103	0.511569
58.5464	0.510391
58.8844	0.509219
59.2243	0.508056
59.5662	0.5069
59.9101	0.505752
60.256	0.504611
60.6038	0.503477
60.9537	0.502351
61.3056	0.501233
61.6595	0.500122
62.0155	0.499018
62.3735	0.497921
62.7336	0.496832
63.0957	0.49575
63.46	0.494675
63.8263	0.493608
64.1948	0.492547
64.5654	0.491494
64.9382	0.490448
65.3131	0.489409
65.6901	0.488376
66.0693	0.487351
66.4508	0.486333
66.8344	0.485322
67.2202	0.484317
67.6083	0.48332
67.9986	0.482329
68.3912	0.481345
68.786	0.480368
69.1831	0.479397
69.5825	0.478434
69.9842	0.477477
70.3882	0.476526
70.7946	0.475582
71.2033	0.474645
71.6143	0.473714
72.0278	0.47279
72.4436	0.471873
72.8618	0.470961
73.2825	0.470057
73.7055	0.469158
74.131	0.468266
74.559	0.467381
74.9894	0.466501
75.4223	0.465628
75.8578	0.464761
76.2957	0.463901
76.7361	0.463047
77.1792	0.462198
77.6247	0.461356
78.0728	0.46052
78.5236	0.45969
78.9769	0.458867
79.4328	0.458049
79.8914	0.457237
80.3526	0.456431
80.8165	0.455632
81.2831	0.454838
81.7523	0.45405
82.2243	0.453267
82.699	0.452491
83.1764	0.45172
83.6566	0.450956
84.1395	0.450197
84.6253	0.449443
85.1138	0.448696
85.6052	0.447954
86.0994	0.447218
86.5964	0.446487
87.0964	0.445762
87.5992	0.445042
88.1049	0.444329
88.6135	0.44362
89.1251	0.442917
89.6396	0.44222
90.1571	0.441528
90.6776	0.440841
91.2011	0.44016
91.7276	0.439484
92.2571	0.438813
92.7897	0.438148
93.3254	0.437515
93.8642	0.436879
94.4061	0.436249
94.9511	0.435624
95.4993	0.435004
96.0506	0.43439
96.6051	0.43378
97.1628	0.433175
97.7237	0.432575
98.2879	0.43198
98.8553	0.43139
99.426	0.430805
100	0.430225
100.577	0.42965
101.158	0.42908
101.742	0.428514
102.329	0.427953
102.92	0.427397
103.514	0.426846
104.112	0.4263
104.713	0.425758
105.317	0.425221
105.925	0.424689
106.537	0.424161
107.152	0.423638
107.771	0.42312
108.393	0.422606
109.018	0.422097
109.648	0.421592
110.281	0.421092
110.917	0.420597
111.558	0.420106
112.202	0.419619
112.85	0.419137
113.501	0.418659
114.156	0.418186
114.815	0.417717
115.478	0.417252
116.145	0.416792
116.815	0.416336
117.49	0.415885
118.168	0.415438
118.85	0.414995
119.536	0.414556
120.226	0.414122
120.921	0.413692
121.619	0.413266
122.321	0.412844
123.027	0.412426
123.737	0.412013
124.451	0.411603
125.17	0.411198
125.893	0.410797
126.619	0.4104
127.35	0.410007
128.086	0.409618
128.825	0.409233
129.569	0.408852
130.317	0.408474
131.069	0.408101
131.826	0.407732
132.587	0.407367
133.352	0.407006
134.122	0.406648
134.896	0.406295
135.675	0.405945
136.458	0.405599
137.246	0.405257
138.038	0.404918
138.835	0.404584
139.637	0.404253
140.443	0.403926
141.254	0.403603
142.069	0.403283
142.889	0.402967
143.714	0.402655
144.544	0.402346
145.378	0.402041
146.218	0.40174
147.062	0.401442
147.911	0.401148
148.765	0.400857
149.624	0.40057
150.487	0.400286
151.356	0.400006
152.23	0.39973
153.109	0.399456
153.993	0.399187
154.882	0.398921
155.776	0.398658
156.675	0.398399
157.58	0.398143
158.489	0.39789
159.404	0.397641
160.325	0.397395
161.25	0.397152
162.181	0.396913
163.117	0.396677
164.059	0.396444
165.006	0.396215
165.959	0.395989
166.917	0.395766
167.88	0.395546
168.85	0.39533
169.824	0.395116
170.805	0.394906
171.791	0.394699
172.783	0.394495
173.78	0.394294
174.783	0.394097
175.792	0.393902
176.807	0.39371
177.828	0.393522
178.855	0.393336
179.887	0.393154
180.926	0.392975
181.97	0.392798
183.021	0.392625
184.077	0.392454
185.14	0.392287
186.209	0.392122
187.284	0.39196
188.365	0.391802
189.452	0.391646
190.546	0.391493
191.646	0.391342
192.752	0.391195
193.865	0.391051
194.984	0.390909
196.11	0.39077
197.242	0.390634
198.381	0.3905
199.526	0.39037
200.678	0.390242
201.837	0.390117
203.002	0.389994
204.174	0.389875
205.353	0.389757
206.538	0.389643
207.73	0.389531
208.93	0.389422
210.136	0.389316
211.349	0.389212
212.569	0.38911
213.796	0.389012
215.03	0.388915
216.272	0.388822
217.52	0.388731
218.776	0.388642
220.039	0.388556
221.309	0.388473
222.587	0.388391
223.872	0.388313
225.165	0.388237
226.464	0.388163
227.772	0.388092
229.087	0.388023
230.409	0.387956
231.739	0.387892
233.077	0.38783
234.423	0.387771
235.776	0.387714
237.137	0.387659
238.506	0.387607
239.883	0.387557
241.268	0.387509
242.661	0.387464
244.062	0.38742
245.471	0.387379
246.888	0.387341
248.313	0.387304
249.747	0.38727
251.189	0.387238
252.639	0.387208
254.097	0.38718
255.564	0.387154
257.04	0.387131
258.523	0.38711
260.016	0.38709
261.517	0.387073
263.027	0.387058
264.545	0.387045
266.073	0.387035
267.609	0.387026
269.153	0.387019
270.707	0.387014
272.27	0.387012
273.842	0.387011
275.423	0.387013
277.013	0.387016
278.612	0.387021
280.221	0.387029
281.838	0.387038
283.465	0.387049
285.102	0.387062
286.748	0.387077
288.403	0.387094
290.068	0.387113
291.743	0.387133
293.427	0.387156
295.121	0.38718
296.825	0.387207
298.538	0.387235
300.262	0.387265
301.995	0.387296
303.739	0.38733
305.492	0.387365
307.256	0.387402
309.03	0.387441
310.814	0.387482
312.608	0.387524
314.413	0.387568
316.228	0.387614
318.053	0.387661
319.89	0.38771
321.736	0.387761
323.594	0.387814
325.462	0.387868
327.341	0.387924
329.23	0.387981
331.131	0.38804
333.043	0.388101
334.965	0.388163
336.899	0.388227
338.844	0.388293
340.8	0.38836
342.768	0.388429
344.747	0.388499
346.737	0.388571
348.739	0.388644
350.752	0.388719
352.777	0.388795
354.813	0.388873
356.862	0.388952
358.922	0.389033
360.994	0.389115
363.078	0.389199
365.174	0.389284
367.282	0.389371
369.403	0.389459
371.535	0.389548
373.68	0.389639
375.837	0.389731
378.007	0.389825
380.189	0.38992
382.384	0.390017
384.592	0.390114
386.812	0.390213
389.045	0.390314
391.291	0.390416
393.55	0.390519
395.822	0.390623
398.107	0.390729
400.405	0.390836
402.717	0.390944
405.042	0.391054
407.38	0.391165
409.732	0.391277
412.098	0.39139
414.477	0.391505
416.869	0.391621
419.276	0.391738
421.697	0.391856
424.131	0.391975
426.58	0.392096
429.042	0.392218
431.519	0.392341
434.01	0.392465
436.516	0.39259
439.036	0.392717
441.57	0.392844
444.12	0.392973
446.684	0.393103
449.262	0.393234
451.856	0.393366
454.465	0.393499
457.088	0.393633
459.727	0.393768
462.381	0.393905
465.05	0.394042
467.735	0.394181
470.435	0.39432
473.151	0.394461
475.883	0.394602
478.63	0.394745
481.393	0.394888
484.172	0.395033
486.968	0.395178
489.779	0.395325
492.606	0.395473
495.45	0.395621
498.31	0.395771
501.187	0.395921
504.081	0.396072
506.991	0.396225
509.918	0.396378
512.861	0.396532
515.822	0.396687
518.8	0.396843
521.795	0.397
524.807	0.397158
527.837	0.397316
530.884	0.397476
533.949	0.397636
537.032	0.397797
540.132	0.397959
543.25	0.398122
546.387	0.398286
549.541	0.398451
552.713	0.398616
555.904	0.398782
559.114	0.398949
562.341	0.399117
565.588	0.399286
568.853	0.399455
572.137	0.399625
575.44	0.399796
578.762	0.399968
582.103	0.40014
585.464	0.400314
588.844	0.400488
592.243	0.400662
595.662	0.400838
599.101	0.401014
602.56	0.401191
606.038	0.401368
609.537	0.401547
613.056	0.401726
616.595	0.401905
620.155	0.402086
623.735	0.402267
627.336	0.402448
630.957	0.402631
634.6	0.402814
638.263	0.402997
641.948	0.403182
645.654	0.403367
649.382	0.403552
653.131	0.403738
656.901	0.403925
660.693	0.404113
664.508	0.404301
668.344	0.404489
672.202	0.404679
676.083	0.404868
679.986	0.405059
683.912	0.40525
687.86	0.405441
691.831	0.405633
695.825	0.405826
699.842	0.406019
703.882	0.406213
707.946	0.406407
712.033	0.406602
716.143	0.406797
720.278	0.406993
724.436	0.40719
728.618	0.407387
732.825	0.407584
737.055	0.407782
741.31	0.40798
745.59	0.408179
749.894	0.408379
754.223	0.408579
758.578	0.408779
762.957	0.40898
767.361	0.409181
771.792	0.409383
776.247	0.409585
780.728	0.409788
785.236	0.409991
789.769	0.410194
794.328	0.410398
798.914	0.410602
803.526	0.410807
808.165	0.411012
812.831	0.411218
817.523	0.411424
822.243	0.41163
826.99	0.411837
831.764	0.412044
836.566	0.412252
841.395	0.41246
846.253	0.412668
851.138	0.412877
856.052	0.413086
860.994	0.413296
865.964	0.413505
870.964	0.413716
875.992	0.413926
881.049	0.414137
886.135	0.414348
891.251	0.41456
896.396	0.414772
901.571	0.414984
906.776	0.415196
912.011	0.415409
917.276	0.415622
922.571	0.415836
927.897	0.416049
933.254	0.416263
938.642	0.416478
944.061	0.416692
949.511	0.416907
954.993	0.417122
960.506	0.417338
966.051	0.417554
971.628	0.41777
977.237	0.417986
982.879	0.418203
988.553	0.418419
994.26	0.418636
1000	0.418854
1005.77	0.419079
1011.58	0.419305
1017.42	0.419531
1023.29	0.419757
1029.2	0.419984
1035.14	0.420211
1041.12	0.420438
1047.13	0.420665
1053.17	0.420892
1059.25	0.42112
1065.37	0.421348
1071.52	0.421576
1077.71	0.421804
1083.93	0.422033
1090.18	0.422261
1096.48	0.42249
1102.81	0.422719
1109.17	0.422948
1115.58	0.423178
1122.02	0.423407
1128.5	0.423637
1135.01	0.423867
1141.56	0.424097
1148.15	0.424327
1154.78	0.424557
1161.45	0.424788
1168.15	0.425018
1174.9	0.425249
1181.68	0.42548
1188.5	0.425711
1195.36	0.425942
1202.26	0.426174
1209.21	0.426405
1216.19	0.426637
1223.21	0.426868
1230.27	0.4271
1237.37	0.427332
1244.51	0.427564
1251.7	0.427797
1258.93	0.428029
1266.19	0.428261
1273.5	0.428494
1280.86	0.428726
1288.25	0.428959
1295.69	0.429192
1303.17	0.429425
1310.69	0.429658
1318.26	0.429891
1325.87	0.430124
1333.52	0.430357
1341.22	0.430591
1348.96	0.430824
1356.75	0.431058
1364.58	0.431291
1372.46	0.431525
1380.38	0.431759
1388.35	0.431992
1396.37	0.432226
1404.43	0.43246
1412.54	0.432694
1420.69	0.432928
1428.89	0.433162
1437.14	0.433396
1445.44	0.433631
1453.78	0.433865
1462.18	0.434099
1470.62	0.434333
1479.11	0.434568
1487.65	0.434802
1496.24	0.435036
1504.87	0.435271
1513.56	0.435505
1522.3	0.43574
1531.09	0.435974
1539.93	0.436209
1548.82	0.436444
1557.76	0.436678
1566.75	0.436913
1575.8	0.437147
1584.89	0.437382
1594.04	0.437617
1603.25	0.437851
1612.5	0.438086
1621.81	0.438321
1631.17	0.438555
1640.59	0.43879
1650.06	0.439025
1659.59	0.439259
1669.17	0.439494
1678.8	0.439729
1688.5	0.439963
1698.24	0.440198
1708.05	0.440432
1717.91	0.440667
1727.83	0.440902
1737.8	0.441136
1747.83	0.441371
1757.92	0.441605
1768.07	0.44184
1778.28	0.442074
1788.55	0.442309
1798.87	0.442543
1809.26	0.442777
1819.7	0.443012
1830.21	0.443246
1840.77	0.44348
1851.4	0.443715
1862.09	0.443949
1872.84	0.444183
1883.65	0.444417
1894.52	0.444651
1905.46	0.444885
1916.46	0.445119
1927.52	0.445353
1938.65	0.445587
1949.84	0.445821
1961.1	0.446054
1972.42	0.446288
1983.81	0.446522
1995.26	0.446755
2006.78	0.446989
2018.37	0.447222
2030.02	0.447456
2041.74	0.447689
2053.53	0.447922
2065.38	0.448156
2077.3	0.448389
2089.3	0.448622
2101.36	0.448855
2113.49	0.449088
2125.69	0.449321
2137.96	0.449553
2150.3	0.449786
2162.72	0.450019
2175.2	0.450251
2187.76	0.450484
2200.39	0.450716
2213.09	0.450948
2225.87	0.45118
2238.72	0.451413
2251.65	0.451645
2264.64	0.451876
2277.72	0.452108
2290.87	0.45234
2304.09	0.452572
2317.39	0.452803
2330.77	0.453035
2344.23	0.453266
2357.76	0.453497
2371.37	0.453729
2385.06	0.45396
2398.83	0.454191
2412.68	0.454422
2426.61	0.454652
2440.62	0.454883
2454.71	0.455114
2468.88	0.455344
2483.13	0.455574
2497.47	0.455805
2511.89	0.456035
2526.39	0.456265
2540.97	0.456495
2555.64	0.456724
2570.4	0.456954
2585.23	0.457184
2600.16	0.457413
2615.17	0.457643
2630.27	0.457872
2645.45	0.458101
2660.73	0.45833
2676.09	0.458559
2691.53	0.458787
2707.07	0.459016
2722.7	0.459245
2738.42	0.459473
2754.23	0.459701
2770.13	0.459929
2786.12	0.460157
2802.21	0.460385
2818.38	0.460613
2834.65	0.46084
2851.02	0.461068
2867.48	0.461295
2884.03	0.461522
2900.68	0.46175
2917.43	0.461976
2934.27	0.462203
2951.21	0.46243
2968.25	0.462656
2985.38	0.462883
3002.62	0.463109
3019.95	0.463335
3037.39	0.463561
3054.92	0.463787
3072.56	0.464013
3090.3	0.464238
3108.14	0.464464
3126.08	0.464689
3144.13	0.464914
3162.28	0.465139
3180.53	0.465364
3198.9	0.465589
3217.36	0.465813
3235.94	0.466038
3254.62	0.466262
3273.41	0.466486
3292.3	0.46671
3311.31	0.466934
3330.43	0.467157
3349.65	0.467381
3368.99	0.467604
3388.44	0.467827
3408	0.468051
3427.68	0.468273
3447.47	0.468496
3467.37	0.468719
3487.39	0.468941
3507.52	0.469163
3527.77	0.469386
3548.13	0.469607
3568.62	0.469829
3589.22	0.470051
3609.94	0.470272
3630.78	0.470494
3651.74	0.470715
3672.82	0.470936
3694.03	0.471157
3715.35	0.471377
3736.8	0.471598
3758.37	0.471818
3780.07	0.472038
3801.89	0.472258
3823.84	0.472478
3845.92	0.472698
3868.12	0.472918
3890.45	0.473137
3912.91	0.473356
3935.5	0.473575
3958.22	0.473794
3981.07	0.474013
4004.05	0.474231
4027.17	0.47445
4050.42	0.474668
4073.8	0.474886
4097.32	0.475104
4120.98	0.475321
4144.77	0.475539
4168.69	0.475756
4192.76	0.475973
4216.97	0.47619
4241.31	0.476407
4265.8	0.476624
4290.42	0.47684
4315.19	0.477057
4340.1	0.477273
4365.16	0.477489
4390.36	0.477705
4415.7	0.47792
4441.2	0.478136
4466.84	0.478351
4492.62	0.478566
4518.56	0.478781
4544.65	0.478996
4570.88	0.47921
4597.27	0.479424
4623.81	0.479639
4650.5	0.479853
4677.35	0.480066
4704.35	0.48028
4731.51	0.480494
4758.83	0.480707
4786.3	0.48092
4813.93	0.481133
4841.72	0.481346
4869.68	0.481558
4897.79	0.481771
4926.06	0.481983
4954.5	0.482195
4983.1	0.482407
5011.87	0.482618
5040.81	0.48283
5069.91	0.483041
5099.18	0.483252
5128.61	0.483463
5158.22	0.483674
5188	0.483885
5217.95	0.484095
5248.07	0.484305
5278.37	0.484515
5308.84	0.484725
5339.49	0.484935
5370.32	0.485144
5401.32	0.485354
5432.5	0.485563
5463.87	0.485772
5495.41	0.48598
5527.13	0.486189
5559.04	0.486397
5591.14	0.486605
5623.41	0.486813
5655.88	0.487021
5688.53	0.487229
5721.37	0.487436
5754.4	0.487643
5787.62	0.48785
5821.03	0.488057
5854.64	0.488264
5888.44	0.488471
5922.43	0.488677
5956.62	0.488883
5991.01	0.489089
6025.6	0.489295
6060.38	0.4895
6095.37	0.489705
6130.56	0.489911
6165.95	0.490116
6201.55	0.49032
6237.35	0.490525
6273.36	0.490729
6309.57	0.490934
6346	0.491138
6382.63	0.491341
6419.48	0.491545
6456.54	0.491749
6493.82	0.491952
6531.31	0.492155
6569.01	0.492358
6606.93	0.492561
6645.08	0.492763
6683.44	0.492965
6722.02	0.493168
6760.83	0.493369
6799.86	0.493571
6839.12	0.493773
6878.6	0.493974
6918.31	0.494175
6958.25	0.494376
6998.42	0.494577
7038.82	0.494778
7079.46	0.494978
7120.33	0.495178
7161.43	0.495378
7202.78	0.495578
7244.36	0.495778
7286.18	0.495977
7328.25	0.496177
7370.55	0.496376
7413.1	0.496574
7455.9	0.496773
7498.94	0.496972
7542.23	0.49717
7585.78	0.497368
7629.57	0.497566
7673.61	0.497764
7717.92	0.497961
7762.47	0.498159
7807.28	0.498356
7852.36	0.498553
7897.69	0.498749
7943.28	0.498946
7989.14	0.499142
8035.26	0.499339
8081.65	0.499535
8128.31	0.49973
8175.23	0.499926
8222.43	0.500121
8269.9	0.500317
8317.64	0.500512
8365.66	0.500707
8413.95	0.500901
8462.53	0.501096
8511.38	0.50129
8560.52	0.501484
8609.94	0.501678
8659.64	0.501872
8709.64	0.502065
8759.92	0.502258
8810.49	0.502452
8861.35	0.502644
8912.51	0.502837
8963.96	0.50303
9015.71	0.503222
9067.76	0.503414
9120.11	0.503606
9172.76	0.503798
9225.71	0.50399
9278.97	0.504181
9332.54	0.504372
9386.42	0.504563
9440.61	0.504754
9495.11	0.504945
9549.93	0.505135
9605.06	0.505325
9660.51	0.505515
9716.28	0.505705
9772.37	0.505895
9828.79	0.506084
9885.53	0.506274
9942.6	0.506463
10000	0.506652
10057.7	0.506841
10115.8	0.507029
10174.2	0.507217
10232.9	0.507406
10292	0.507594
10351.4	0.507781
10411.2	0.507969
10471.3	0.508156
10531.7	0.508344
10592.5	0.508531
10653.7	0.508717
10715.2	0.508904
10777.1	0.50909
10839.3	0.509277
10901.8	0.509463
10964.8	0.509649
11028.1	0.509834
11091.7	0.51002
11155.8	0.510205
11220.2	0.51039
11285	0.510575
11350.1	0.51076
11415.6	0.510945
11481.5	0.511129
11547.8	0.511313
11614.5	0.511497
11681.5	0.511681
11749	0.511865
11816.8	0.512048
11885	0.512231
11953.6	0.512414
12022.6	0.512597
12092.1	0.51278
12161.9	0.512963
12232.1	0.513145
12302.7	0.513327
12373.7	0.513509
12445.1	0.513691
12517	0.513872
12589.3	0.514054
12661.9	0.514235
12735	0.514416
12808.6	0.514597
12882.5	0.514778
12956.9	0.514958
13031.7	0.515138
13106.9	0.515318
13182.6	0.515498
13258.7	0.515678
13335.2	0.515858
13412.2	0.516037
13489.6	0.516216
13567.5	0.516395
13645.8	0.516574
13724.6	0.516753
13803.8	0.516931
13883.5	0.51711
13963.7	0.517288
14044.3	0.517466
14125.4	0.517643
14206.9	0.517821
14288.9	0.517998
14371.4	0.518175
14454.4	0.518352
14537.8	0.518529
14621.8	0.518706
14706.2	0.518882
14791.1	0.519059
14876.5	0.519235
14962.4	0.519411
15048.7	0.519587
15135.6	0.519762
15223	0.519938
15310.9	0.520113
15399.3	0.520288
15488.2	0.520463
15577.6	0.520637
15667.5	0.520812
15758	0.520986
15848.9	0.521161
15940.4	0.521335
16032.5	0.521508
16125	0.521682
16218.1	0.521855
16311.7	0.522029
16405.9	0.522202
16500.6	0.522375
16595.9	0.522548
16691.7	0.52272
16788	0.522893
16885	0.523065
16982.4	0.523237
17080.5	0.523409
17179.1	0.523581
17278.3	0.523752
17378	0.523924
17478.3	0.524095
17579.2	0.524266
17680.7	0.524437
17782.8	0.524607
17885.5	0.524778
17988.7	0.524948
18092.6	0.525118
18197	0.525288
18302.1	0.525458
18407.7	0.525628
18514	0.525798
18620.9	0.525967
18728.4	0.526136
18836.5	0.526305
18945.2	0.526474
19054.6	0.526643
19164.6	0.526811
19275.2	0.526979
19386.5	0.527148
19498.4	0.527316
19611	0.527483
19724.2	0.527651
19838.1	0.527819
19952.6	0.527986
20067.8	0.528153
20183.7	0.52832
20300.2	0.528487
20417.4	0.528654
20535.3	0.52882
20653.8	0.528987
20773	0.529153
20893	0.529319
21013.6	0.529485
21134.9	0.529651
21256.9	0.529816
21379.6	0.529982
21503	0.530147
21627.2	0.530312
21752	0.530477
21877.6	0.530642
22003.9	0.530806
22130.9	0.530971
22258.7	0.531135
22387.2	0.531299
22516.5	0.531463
22646.4	0.531627
22777.2	0.531791
22908.7	0.531954
23040.9	0.532117
23173.9	0.532281
23307.7	0.532444
23442.3	0.532607
23577.6	0.532769
23713.7	0.532932
23850.6	0.533094
23988.3	0.533257
24126.8	0.533419
24266.1	0.533581
24406.2	0.533743
24547.1	0.533904
24688.8	0.534066
24831.3	0.534227
24974.7	0.534388
25118.9	0.534549
25263.9	0.53471
25409.7	0.534871
25556.4	0.535032
25704	0.535192
25852.3	0.535352
26001.6	0.535513
26151.7	0.535673
26302.7	0.535833
26454.5	0.535992
26607.3	0.536152
26760.9	0.536311
26915.3	0.536471
27070.7	0.53663
27227	0.536789
27384.2	0.536948
27542.3	0.537107
27701.3	0.537265
27861.2	0.537424
28022.1	0.537582
28183.8	0.53774
28346.5	0.537898
28510.2	0.538056
28674.8	0.538214
28840.3	0.538371
29006.8	0.538529
29174.3	0.538686
29342.7	0.538843
29512.1	0.539
29682.5	0.539157
29853.8	0.539314
30026.2	0.539471
30199.5	0.539627
30373.9	0.539784
30549.2	0.53994
30725.6	0.540096
30903	0.540252
31081.4	0.540408
31260.8	0.540564
31441.3	0.540719
31622.8	0.540875
31805.3	0.54103
31989	0.541185
32173.6	0.54134
32359.4	0.541495
32546.2	0.54165
32734.1	0.541804
32923	0.541959
33113.1	0.542113
33304.3	0.542268
33496.5	0.542422
33689.9	0.542576
33884.4	0.54273
34080	0.542884
34276.8	0.543037
34474.7	0.543191
34673.7	0.543344
34873.9	0.543497
35075.2	0.543651
35277.7	0.543804
35481.3	0.543956
35686.2	0.544109
35892.2	0.544262
36099.4	0.544414
36307.8	0.544567
36517.4	0.544719
36728.2	0.544871
36940.3	0.545023
37153.5	0.545175
37368	0.545327
37583.7	0.545479
37800.7	0.545631
38018.9	0.545782
38238.4	0.545933
38459.2	0.546085
38681.2	0.546236
38904.5	0.546387
39129.1	0.546538
39355	0.546688
39582.2	0.546839
39810.7	0.54699
40040.5	0.54714
40271.7	0.54729
40504.2	0.547441
40738	0.547591
40973.2	0.547741
41209.8	0.547891
41447.7	0.548041
41686.9	0.54819
41927.6	0.54834
42169.7	0.548489
42413.1	0.548639
42658	0.548788
42904.2	0.548937
43151.9	0.549086
43401	0.549235
43651.6	0.549384
43903.6	0.549533
44157	0.549681
44412	0.54983
44668.4	0.549978
44926.2	0.550127
45185.6	0.550275
45446.5	0.550423
45708.8	0.550571
45972.7	0.550719
46238.1	0.550867
46505	0.551014
46773.5	0.551162
47043.5	0.55131
47315.1	0.551457
47588.3	0.551604
47863	0.551752
48139.3	0.551899
48417.2	0.552046
48696.8	0.552193
48977.9	0.55234
49260.6	0.552486
49545	0.552633
49831	0.55278
50118.7	0.552926
50408.1	0.553073
50699.1	0.553219
50991.8	0.553365
51286.1	0.553511
51582.2	0.553657
51880	0.553803
52179.5	0.553949
52480.7	0.554095
52783.7	0.554241
53088.4	0.554386
53394.9	0.554532
53703.2	0.554677
54013.2	0.554822
54325	0.554968
54638.7	0.555113
54954.1	0.555258
55271.3	0.555403
55590.4	0.555548
55911.4	0.555693
56234.1	0.555838
56558.8	0.555982
56885.3	0.556127
57213.7	0.556271
57544	0.556416
57876.2	0.55656
58210.3	0.556705
58546.4	0.556849
58884.4	0.556993
59224.3	0.557137
59566.2	0.557281
59910.1	0.557425
60256	0.557569
60603.8	0.557712
60953.7	0.557856
61305.6	0.558
61659.5	0.558143
62015.5	0.558287
62373.5	0.55843
62733.6	0.558573
63095.7	0.558717
63460	0.55886
63826.3	0.559003
64194.8	0.559146
64565.4	0.559289
64938.2	0.559432
65313.1	0.559575
65690.1	0.559718
66069.3	0.55986
66450.8	0.560003
66834.4	0.560145
67220.2	0.560288
67608.3	0.56043
67998.6	0.560573
68391.2	0.560715
68786	0.560857
69183.1	0.560999
69582.5	0.561142
69984.2	0.561284
70388.2	0.561426
70794.6	0.561568
71203.3	0.561709
71614.3	0.561851
72027.8	0.561993
72443.6	0.562135
72861.8	0.562276
73282.5	0.562418
73705.5	0.562559
74131	0.562701
74559	0.562842
74989.4	0.562984
75422.3	0.563125
75857.8	0.563266
76295.7	0.563407
76736.1	0.563548
77179.2	0.56369
77624.7	0.563831
78072.8	0.563971
78523.6	0.564112
78976.9	0.564253
79432.8	0.564394
79891.4	0.564535
80352.6	0.564675
80816.5	0.564816
81283.1	0.564957
81752.3	0.565097
82224.3	0.565238
82699	0.565378
83176.4	0.565519
83656.6	0.565659
84139.5	0.565799
84625.3	0.565939
85113.8	0.56608
85605.2	0.56622
86099.4	0.56636
86596.4	0.5665
87096.4	0.56664
87599.2	0.56678
88104.9	0.56692
88613.5	0.56706
89125.1	0.567199
89639.6	0.567339
90157.1	0.567479
90677.6	0.567618
91201.1	0.567758
91727.6	0.567898
92257.1	0.568037
92789.7	0.568177
93325.4	0.568316
93864.2	0.568455
94406.1	0.568595
94951.1	0.568734
95499.3	0.568873
96050.6	0.569013
96605.1	0.569152
97162.8	0.569291
97723.7	0.56943
98287.9	0.569569
98855.3	0.569708
99426	0.569847
100000	0.569986
100577	0.570125
101158	0.570264
101742	0.570402
102329	0.570541
102920	0.57068
103514	0.570819
104112	0.570957
104713	0.571096
105317	0.571234
105925	0.571373
106537	0.571511
107152	0.57165
107771	0.571788
108393	0.571927
109018	0.572065
109648	0.572203
110281	0.572341
110917	0.57248
111558	0.572618
112202	0.572756
112850	0.572894
113501	0.573032
114156	0.57317
114815	0.573308
115478	0.573446
116145	0.573584
116815	0.573722
117490	0.57386
118168	0.573998
118850	0.574136
119536	0.574273
120226	0.574411
120921	0.574549
121619	0.574687
122321	0.574824
123027	0.574962
123737	0.575099
124451	0.575237
125170	0.575374
125893	0.575512
126619	0.575649
127350	0.575787
128086	0.575924
128825	0.576062
129569	0.576199
130317	0.576336
131069	0.576474
131826	0.576611
132587	0.576748
133352	0.576885
134122	0.577022
134896	0.577159
135675	0.577297
136458	0.577434
137246	0.577571
138038	0.577708
138835	0.577845
139637	0.577982
140443	0.578119
141254	0.578256
142069	0.578393
142889	0.578529
143714	0.578666
144544	0.578803
145378	0.57894
146218	0.579077
147062	0.579213
147911	0.57935
148765	0.579487
149624	0.579624
150487	0.57976
151356	0.579897
152230	0.580034
153109	0.58017
153993	0.580307
154882	0.580443
155776	0.58058
156675	0.580716
157580	0.580853
158489	0.580989
159404	0.581126
160325	0.581262
161250	0.581399
162181	0.581535
163117	0.581671
164059	0.581808
165006	0.581944
165959	0.58208
166917	0.582217
167880	0.582353
168850	0.582489
169824	0.582625
170805	0.582762
171791	0.582898
172783	0.583034
173780	0.58317
174783	0.583306
175792	0.583443
176807	0.583579
177828	0.583715
178855	0.583851
179887	0.583987
180926	0.584123
181970	0.584259
183021	0.584395
184077	0.584531
185140	0.584667
186209	0.584803
187284	0.584939
188365	0.585075
189452	0.585211
190546	0.585347
191646	0.585483
192752	0.585619
193865	0.585755
194984	0.585891
196110	0.586026
197242	0.586162
198381	0.586298
199526	0.586434
200678	0.58657
201837	0.586706
203002	0.586841
204174	0.586977
205353	0.587113
206538	0.587249
207730	0.587384
208930	0.58752
210136	0.587656
211349	0.587792
212569	0.587927
213796	0.588063
215030	0.588199
216272	0.588334
217520	0.58847
218776	0.588606
220039	0.588741
221309	0.588877
222587	0.589013
223872	0.589148
225165	0.589284
226464	0.58942
227772	0.589555
229087	0.589691
230409	0.589826
231739	0.589962
233077	0.590098
234423	0.590233
235776	0.590369
237137	0.590504
238506	0.59064
239883	0.590776
241268	0.590911
242661	0.591047
244062	0.591182
245471	0.591318
246888	0.591453
248313	0.591589
249747	0.591724
251189	0.59186
252639	0.591995
254097	0.592131
255564	0.592266
257040	0.592402
258523	0.592537
260016	0.592673
261517	0.592808
263027	0.592944
264545	0.593079
266073	0.593215
267609	0.59335
269153	0.593486
270707	0.593621
272270	0.593757
273842	0.593892
275423	0.594028
277013	0.594163
278612	0.594299
280221	0.594434
281838	0.59457
283465	0.594705
285102	0.594841
286748	0.594976
288403	0.595112
290068	0.595247
291743	0.595383
293427	0.595518
295121	0.595654
296825	0.595789
298538	0.595925
300262	0.59606
301995	0.596195
303739	0.596331
305492	0.596466
307256	0.596602
309030	0.596737
310814	0.596873
312608	0.597008
314413	0.597144
316228	0.597279
318053	0.597415
319890	0.59755
321736	0.597686
323594	0.597821
325462	0.597957
327341	0.598093
329230	0.598228
331131	0.598364
333043	0.598499
334965	0.598635
336899	0.59877
338844	0.598906
340800	0.599041
342768	0.599177
344747	0.599312
346737	0.599448
348739	0.599584
350752	0.599719
352777	0.599855
354813	0.59999
356862	0.600126
358922	0.600261
360994	0.600397
363078	0.600533
365174	0.600668
367282	0.600804
369403	0.60094
371535	0.601075
373680	0.601211
375837	0.601346
378007	0.601482
380189	0.601618
382384	0.601753
384592	0.601889
386812	0.602025
389045	0.602161
391291	0.602296
393550	0.602432
395822	0.602568
398107	0.602703
400405	0.602839
402717	0.602975
405042	0.603111
407380	0.603246
409732	0.603382
412098	0.603518
414477	0.603654
416869	0.60379
419276	0.603925
421697	0.604061
424131	0.604197
426580	0.604333
429042	0.604469
431519	0.604605
434010	0.60474
436516	0.604876
439036	0.605012
441570	0.605148
444120	0.605284
446684	0.60542
449262	0.605556
451856	0.605692
454465	0.605828
457088	0.605964
459727	0.6061
462381	0.606236
465050	0.606372
467735	0.606508
470435	0.606644
473151	0.60678
475883	0.606916
478630	0.607052
481393	0.607188
484172	0.607324
486968	0.60746
489779	0.607596
492606	0.607732
495450	0.607868
498310	0.608005
501187	0.608141
504081	0.608277
506991	0.608413
509918	0.608549
512861	0.608686
515822	0.608822
518800	0.608958
521795	0.609094
524807	0.609231
527837	0.609367
530884	0.609503
533949	0.60964
537032	0.609776
540132	0.609912
543250	0.610049
546387	0.610185
549541	0.610321
552713	0.610458
555904	0.610594
559114	0.610731
562341	0.610867
565588	0.611003
568853	0.61114
572137	0.611276
575440	0.611413
578762	0.61155
582103	0.611686
585464	0.611823
588844	0.611959
592243	0.612096
595662	0.612232
599101	0.612369
602560	0.612506
606038	0.612642
609537	0.612779
613056	0.612916
616595	0.613052
620155	0.613189
623735	0.613326
627336	0.613463
630957	0.613599
634600	0.613736
638263	0.613873
641948	0.61401
645654	0.614147
649382	0.614284
653131	0.61442
656901	0.614557
660693	0.614694
664508	0.614831
668344	0.614968
672202	0.615105
676083	0.615242
679986	0.615379
683912	0.615516
687860	0.615653
691831	0.61579
695825	0.615927
699842	0.616065
703882	0.616202
707946	0.616339
712033	0.616476
716143	0.616613
720278	0.61675
724436	0.616888
728618	0.617025
732825	0.617162
737055	0.617299
741310	0.617437
745590	0.617574
749894	0.617711
754223	0.617849
758578	0.617986
762957	0.618123
767361	0.618261
771792	0.618398
776247	0.618536
780728	0.618673
785236	0.618811
789769	0.618948
794328	0.619086
798914	0.619223
803526	0.619361
808165	0.619499
812831	0.619636
817523	0.619774
822243	0.619912
826990	0.620049
831764	0.620187
836566	0.620325
841395	0.620463
846253	0.6206
851138	0.620738
856052	0.620876
860994	0.621014
865964	0.621152
870964	0.62129
875992	0.621427
881049	0.621565
886135	0.621703
891251	0.621841
896396	0.621979
901571	0.622117
906776	0.622255
912011	0.622393
917276	0.622532
922571	0.62267
927897	0.622808
933254	0.622946
938642	0.623084
944061	0.623222
949511	0.623361
954993	0.623499
960506	0.623637
966051	0.623775
971628	0.623914
977237	0.624052
982879	0.62419
988553	0.624329
994260	0.624467
1e+06	0.624606
1.00577e+06	0.624744
1.01158e+06	0.624883
1.01742e+06	0.625021
1.02329e+06	0.62516
1.0292e+06	0.625298
1.03514e+06	0.625437
1.04112e+06	0.625575
1.04713e+06	0.625714
1.05317e+06	0.625853
1.05925e+06	0.625991
1.06537e+06	0.62613
1.07152e+06	0.626269
1.07771e+06	0.626408
1.08393e+06	0.626546
1.09018e+06	0.626685
1.09648e+06	0.626824
1.10281e+06	0.626963
1.10917e+06	0.627102
1.11558e+06	0.627241
1.12202e+06	0.62738
1.1285e+06	0.627519
1.13501e+06	0.627658
1.14156e+06	0.627797
1.14815e+06	0.627936
1.15478e+06	0.628075
1.16145e+06	0.628214
1.16815e+06	0.628353
1.1749e+06	0.628492
1.18168e+06	0.628631
1.1885e+06	0.62877
1.19536e+06	0.628909
1.20226e+06	0.629049
1.20921e+06	0.629188
1.21619e+06	0.629327
1.22321e+06	0.629467
1.23027e+06	0.629606
1.23737e+06	0.629745
1.24451e+06	0.629885
1.2517e+06	0.630024
1.25893e+06	0.630164
1.26619e+06	0.630303
1.2735e+06	0.630443
1.28086e+06	0.630582
1.28825e+06	0.630722
1.29569e+06	0.630861
1.30317e+06	0.631001
1.31069e+06	0.63114
1.31826e+06	0.63128
1.32587e+06	0.63142
1.33352e+06	0.631559
1.34122e+06	0.631699
1.34896e+06	0.631839
1.35675e+06	0.631979
1.36458e+06	0.632119
1.37246e+06	0.632258
1.38038e+06	0.632398
1.38835e+06	0.632538
1.39637e+06	0.632678
1.40443e+06	0.632818
1.41254e+06	0.632958
1.42069e+06	0.633098
1.42889e+06	0.633238
1.43714e+06	0.633378
1.44544e+06	0.633518
1.45378e+06	0.633658
1.46218e+06	0.633798
1.47062e+06	0.633939
1.47911e+06	0.634079
1.48765e+06	0.634219
1.49624e+06	0.634359
1.50487e+06	0.6345
1.51356e+06	0.63464
1.5223e+06	0.63478
1.53109e+06	0.634921
1.53993e+06	0.635061
1.54882e+06	0.635201
1.55776e+06	0.635342
1.56675e+06	0.635482
1.5758e+06	0.635623
1.58489e+06	0.635763
1.59404e+06	0.635904
1.60325e+06	0.636045
1.6125e+06	0.636185
1.62181e+06	0.636326
1.63117e+06	0.636467
1.64059e+06	0.636607
1.65006e+06	0.636748
1.65959e+06	0.636889
1.66917e+06	0.63703
1.6788e+06	0.63717
1.6885e+06	0.637311
1.69824e+06	0.637452
1.70805e+06	0.637593
1.71791e+06	0.637734
1.72783e+06	0.637875
1.7378e+06	0.638016
1.74783e+06	0.638157
1.75792e+06	0.638298
1.76807e+06	0.638439
1.77828e+06	0.63858
1.78855e+06	0.638721
1.79887e+06	0.638863
1.80926e+06	0.639004
1.8197e+06	0.639145
1.83021e+06	0.639286
1.84077e+06	0.639428
1.8514e+06	0.639569
1.86209e+06	0.63971
1.87284e+06	0.639852
1.88365e+06	0.639993
1.89452e+06	0.640135
1.90546e+06	0.640276
1.91646e+06	0.640418
1.92752e+06	0.640559
1.93865e+06	0.640701
1.94984e+06	0.640842
1.9611e+06	0.640984
1.97242e+06	0.641126
1.98381e+06	0.641267
1.99526e+06	0.641409
2.00678e+06	0.641551
2.01837e+06	0.641692
2.03002e+06	0.641834
2.04174e+06	0.641976
2.05353e+06	0.642118
2.06538e+06	0.64226
2.0773e+06	0.642402
2.0893e+06	0.642544
2.10136e+06	0.642686
2.11349e+06	0.642828
2.12569e+06	0.64297
2.13796e+06	0.643112
2.1503e+06	0.643254
2.16272e+06	0.643396
2.1752e+06	0.643538
2.18776e+06	0.643681
2.20039e+06	0.643823
2.21309e+06	0.643965
2.22587e+06	0.644107
2.23872e+06	0.64425
2.25165e+06	0.644392
2.26464e+06	0.644534
2.27772e+06	0.644677
2.29087e+06	0.644819
2.30409e+06	0.644962
2.31739e+06	0.645104
2.33077e+06	0.645247
2.34423e+06	0.645389
2.35776e+06	0.645532
2.37137e+06	0.645675
2.38506e+06	0.645817
2.39883e+06	0.64596
2.41268e+06	0.646103
2.42661e+06	0.646246
2.44062e+06	0.646388
2.45471e+06	0.646531
2.46888e+06	0.646674
2.48313e+06	0.646817
2.49747e+06	0.64696
2.51189e+06	0.647103
2.52639e+06	0.647246
2.54097e+06	0.647389
2.55564e+06	0.647532
2.5704e+06	0.647675
2.58523e+06	0.647818
2.60016e+06	0.647961
2.61517e+06	0.648104
2.63027e+06	0.648248
2.64545e+06	0.648391
2.66073e+06	0.648534
2.67609e+06	0.648677
2.69153e+06	0.648821
2.70707e+06	0.648964
2.7227e+06	0.649108
2.73842e+06	0.649251
2.75423e+06	0.649395
2.77013e+06	0.649538
2.78612e+06	0.649682
2.80221e+06	0.649825
2.81838e+06	0.649969
2.83465e+06	0.650112
2.85102e+06	0.650256
2.86748e+06	0.6504
2.88403e+06	0.650544
2.90068e+06	0.650687
2.91743e+06	0.650831
2.93427e+06	0.650975
2.95121e+06	0.651119
2.96825e+06	0.651263
2.98538e+06	0.651407
3.00262e+06	0.651551
3.01995e+06	0.651695
3.03739e+06	0.651839
3.05492e+06	0.651983
3.07256e+06	0.652127
3.0903e+06	0.652271
3.10814e+06	0.652415
3.12608e+06	0.652559
3.14413e+06	0.652704
3.16228e+06	0.652848
3.18053e+06	0.652992
3.1989e+06	0.653136
3.21736e+06	0.653281
3.23594e+06	0.653425
3.25462e+06	0.65357
3.27341e+06	0.653714
3.2923e+06	0.653859
3.31131e+06	0.654003
3.33043e+06	0.654148
3.34965e+06	0.654292
3.36899e+06	0.654437
3.38844e+06	0.654582
3.408e+06	0.654726
3.42768e+06	0.654871
3.44747e+06	0.655016
3.46737e+06	0.655161
3.48739e+06	0.655305
3.50752e+06	0.65545
3.52777e+06	0.655595
3.54813e+06	0.65574
3.56862e+06	0.655885
3.58922e+06	0.65603
3.60994e+06	0.656175
3.63078e+06	0.65632
3.65174e+06	0.656465
3.67282e+06	0.65661
3.69403e+06	0.656756
3.71535e+06	0.656901
3.7368e+06	0.657046
3.75837e+06	0.657191
3.78007e+06	0.657337
3.80189e+06	0.657482
3.82384e+06	0.657627
3.84592e+06	0.657773
3.86812e+06	0.657918
3.89045e+06	0.658064
3.91291e+06	0.658209
3.9355e+06	0.658355
3.95822e+06	0.6585
3.98107e+06	0.658646
4.00405e+06	0.658792
4.02717e+06	0.658937
4.05042e+06	0.659083
4.0738e+06	0.659229
4.09732e+06	0.659375
4.12098e+06	0.659521
4.14477e+06	0.659666
4.16869e+06	0.659812
4.19276e+06	0.659958
4.21697e+06	0.660104
4.24131e+06	0.66025
4.2658e+06	0.660396
4.29042e+06	0.660542
4.31519e+06	0.660688
4.3401e+06	0.660835
4.36516e+06	0.660981
4.39036e+06	0.661127
4.4157e+06	0.661273
4.4412e+06	0.661419
4.46684e+06	0.661566
4.49262e+06	0.661712
4.51856e+06	0.661859
4.54465e+06	0.662005
4.57088e+06	0.662151
4.59727e+06	0.662298
4.62381e+06	0.662444
4.6505e+06	0.662591
4.67735e+06	0.662738
4.70435e+06	0.662884
4.73151e+06	0.663031
4.75883e+06	0.663178
4.7863e+06	0.663324
4.81393e+06	0.663471
4.84172e+06	0.663618
4.86968e+06	0.663765
4.89779e+06	0.663912
4.92606e+06	0.664059
4.9545e+06	0.664206
4.9831e+06	0.664353
5.01187e+06	0.6645
5.04081e+06	0.664647
5.06991e+06	0.664794
5.09918e+06	0.664941
5.12861e+06	0.665088
5.15822e+06	0.665235
5.188e+06	0.665383
5.21795e+06	0.66553
5.24807e+06	0.665677
5.27837e+06	0.665825
5.30884e+06	0.665972
5.33949e+06	0.666119
5.37032e+06	0.666267
5.40132e+06	0.666414
5.4325e+06	0.666562
5.46387e+06	0.666709
5.49541e+06	0.666857
5.52713e+06	0.667005
5.55904e+06	0.667152
5.59114e+06	0.6673
5.62341e+06	0.667448
5.65588e+06	0.667596
5.68853e+06	0.667743
5.72137e+06	0.667891
5.7544e+06	0.668039
5.78762e+06	0.668187
5.82103e+06	0.668335
5.85464e+06	0.668483
5.88844e+06	0.668631
5.92243e+06	0.668779
5.95662e+06	0.668927
5.99101e+06	0.669075
6.0256e+06	0.669224
6.06038e+06	0.669372
6.09537e+06	0.66952
6.13056e+06	0.669668
6.16595e+06	0.669817
6.20155e+06	0.669965
6.23735e+06	0.670113
6.27336e+06	0.670262
6.30957e+06	0.67041
6.346e+06	0.670559
6.38263e+06	0.670707
6.41948e+06	0.670856
6.45654e+06	0.671005
6.49382e+06	0.671153
6.53131e+06	0.671302
6.56901e+06	0.671451
6.60693e+06	0.6716
6.64508e+06	0.671748
6.68344e+06	0.671897
6.72202e+06	0.672046
6.76083e+06	0.672195
6.79986e+06	0.672344
6.83912e+06	0.672493
6.8786e+06	0.672642
6.91831e+06	0.672791
6.95825e+06	0.67294
6.99842e+06	0.673089
7.03882e+06	0.673239
7.07946e+06	0.673388
7.12033e+06	0.673537
7.16143e+06	0.673686
7.20278e+06	0.673836
7.24436e+06	0.673985
7.28618e+06	0.674134
7.32825e+06	0.674284
7.37055e+06	0.674433
7.4131e+06	0.674583
7.4559e+06	0.674732
7.49894e+06	0.674882
7.54223e+06	0.675032
7.58578e+06	0.675181
7.62957e+06	0.675331
7.67361e+06	0.675481
7.71792e+06	0.675631
7.76247e+06	0.67578
7.80728e+06	0.67593
7.85236e+06	0.67608
7.89769e+06	0.67623
7.94328e+06	0.67638
7.98914e+06	0.67653
8.03526e+06	0.67668
8.08165e+06	0.67683
8.12831e+06	0.67698
8.17523e+06	0.67713
8.22243e+06	0.677281
8.2699e+06	0.677431
8.31764e+06	0.677581
8.36566e+06	0.677731
8.41395e+06	0.677882
8.46253e+06	0.678032
8.51138e+06	0.678183
8.56052e+06	0.678333
8.60994e+06	0.678484
8.65964e+06	0.678634
8.70964e+06	0.678785
8.75992e+06	0.678935
8.81049e+06	0.679086
8.86135e+06	0.679237
8.91251e+06	0.679387
8.96396e+06	0.679538
9.01571e+06	0.679689
9.06776e+06	0.67984
9.12011e+06	0.679991
9.17276e+06	0.680142
9.22571e+06	0.680292
9.27897e+06	0.680443
9.33254e+06	0.680594
9.38642e+06	0.680746
9.44061e+06	0.680897
9.49511e+06	0.681048
9.54993e+06	0.681199
9.60506e+06	0.68135
9.66051e+06	0.681501
9.71628e+06	0.681653
9.77237e+06	0.681804
9.82879e+06	0.681956
9.88553e+06	0.682107
9.9426e+06	0.682258
1e+07	0.68241
