Stopping power dEdx from Ionisation for pi- Z = 0 in G4_TISSUE_SOFT_ICRP, process name: hIoni
E [MeV]	dEdx [MeV/mm]
0.001	11.769
0.00100577	11.9029
0.00101158	12.0363
0.00101742	12.1692
0.00102329	12.3017
0.0010292	12.4337
0.00103514	12.5653
0.00104112	12.6967
0.00104713	12.8299
0.00105317	13.0129
0.00105925	13.2143
0.00106537	13.414
0.00107152	13.6119
0.00107771	13.8082
0.00108393	13.9847
0.00109018	14.1558
0.00109648	14.3257
0.00110281	14.4946
0.00110917	14.6622
0.00111558	14.8288
0.00112202	14.9925
0.0011285	15.1511
0.00113501	15.3082
0.00114156	15.4645
0.00114815	15.6197
0.00115478	15.7741
0.00116145	15.9276
0.00116815	16.0802
0.0011749	16.2321
0.00118168	16.3669
0.0011885	16.4545
0.00119536	16.5421
0.00120226	16.6297
0.00120921	16.7173
0.00121619	16.8049
0.00122321	16.8924
0.00123027	16.9799
0.00123737	17.0674
0.00124451	17.155
0.0012517	17.2421
0.00125893	17.3284
0.00126619	17.4147
0.0012735	17.5011
0.00128086	17.5902
0.00128825	17.6986
0.00129569	17.8136
0.00130317	17.9575
0.00131069	18.1006
0.00131826	18.2953
0.00132587	18.4908
0.00133352	18.6846
0.00134122	18.8767
0.00134896	19.0671
0.00135675	19.2558
0.00136458	19.4428
0.00137246	19.6283
0.00138038	19.8122
0.00138835	19.9945
0.00139637	20.1753
0.00140443	20.3545
0.00141254	20.5323
0.00142069	20.7087
0.00142889	20.8839
0.00143714	21.0577
0.00144544	21.2163
0.00145378	21.3643
0.00146218	21.5124
0.00147062	21.6604
0.00147911	21.8075
0.00148765	21.9535
0.00149624	22.0985
0.00150487	22.2426
0.00151356	22.3821
0.0015223	22.5143
0.00153109	22.6458
0.00153993	22.7767
0.00154882	22.9068
0.00155776	23.0363
0.00156675	23.1651
0.0015758	23.2964
0.00158489	23.435
0.00159404	23.5729
0.00160325	23.7167
0.0016125	23.8719
0.00162181	24.0273
0.00163117	24.1818
0.00164059	24.3354
0.00165006	24.4881
0.00165959	24.6398
0.00166917	24.7908
0.0016788	24.9412
0.0016885	25.0907
0.00169824	25.2394
0.00170805	25.3873
0.00171791	25.5344
0.00172783	25.6874
0.0017378	25.8738
0.00174783	26.0588
0.00175792	26.2423
0.00176807	26.4244
0.00177828	26.605
0.00178855	26.7843
0.00179887	26.9622
0.00180926	27.1388
0.0018197	27.3141
0.00183021	27.4881
0.00184077	27.6644
0.0018514	27.8429
0.00186209	28.0201
0.00187284	28.1961
0.00188365	28.373
0.00189452	28.5487
0.00190546	28.7231
0.00191646	28.8964
0.00192752	29.0714
0.00193865	29.2469
0.00194984	29.3898
0.0019611	29.5184
0.00197242	29.6465
0.00198381	29.774
0.00199526	29.9009
0.00200678	30.0274
0.00201837	30.1534
0.00203002	30.279
0.00204174	30.404
0.00205353	30.5287
0.00206538	30.6528
0.0020773	30.7765
0.0020893	30.8989
0.00210136	31.0216
0.00211349	31.1467
0.00212569	31.2715
0.00213796	31.3958
0.0021503	31.5198
0.00216272	31.6568
0.0021752	31.8134
0.00218776	31.9692
0.00220039	32.124
0.00221309	32.278
0.00222587	32.4327
0.00223872	32.5872
0.00225165	32.7432
0.00226464	32.899
0.00227772	33.054
0.00229087	33.2082
0.00230409	33.3617
0.00231739	33.5144
0.00233077	33.6663
0.00234423	33.8175
0.00235776	33.968
0.00237137	34.1192
0.00238506	34.27
0.00239883	34.42
0.00241268	34.5694
0.00242661	34.7182
0.00244062	34.8663
0.00245471	35.0138
0.00246888	35.1606
0.00248313	35.3068
0.00249747	35.4524
0.00251189	35.6002
0.00252639	35.7472
0.00254097	35.8937
0.00255564	36.0396
0.0025704	36.1859
0.00258523	36.3322
0.00260016	36.4858
0.00261517	36.6416
0.00263027	36.7813
0.00264545	36.9072
0.00266073	37.0328
0.00267609	37.1581
0.00269153	37.2831
0.00270707	37.4079
0.0027227	37.5324
0.00273842	37.6567
0.00275423	37.7809
0.00277013	37.9048
0.00278612	38.0285
0.00280221	38.152
0.00281838	38.2753
0.00283465	38.3984
0.00285102	38.5213
0.00286748	38.644
0.00288403	38.7667
0.00290068	38.8898
0.00291743	39.0127
0.00293427	39.1351
0.00295121	39.2574
0.00296825	39.3795
0.00298538	39.5014
0.00300262	39.6231
0.00301995	39.7448
0.00303739	39.8725
0.00305492	40.0005
0.00307256	40.1283
0.0030903	40.256
0.00310814	40.3841
0.00312608	40.5137
0.00314413	40.643
0.00316228	40.7722
0.00318053	40.9013
0.0031989	41.0302
0.00321736	41.1496
0.00323594	41.2672
0.00325462	41.3848
0.00327341	41.5024
0.0032923	41.6162
0.00331131	41.729
0.00333043	41.8419
0.00334965	41.9576
0.00336899	42.0733
0.00338844	42.189
0.003408	42.3046
0.00342768	42.4202
0.00344747	42.5358
0.00346737	42.6541
0.00348739	42.7733
0.00350752	42.8925
0.00352777	43.0117
0.00354813	43.1308
0.00356862	43.2502
0.00358922	43.3696
0.00360994	43.489
0.00363078	43.6083
0.00365174	43.7276
0.00367282	43.8468
0.00369403	43.966
0.00371535	44.0852
0.0037368	44.2043
0.00375837	44.3212
0.00378007	44.4366
0.00380189	44.552
0.00382384	44.6674
0.00384592	44.7828
0.00386812	44.8982
0.00389045	45.0142
0.00391291	45.1315
0.0039355	45.2503
0.00395822	45.3837
0.00398107	45.5168
0.00400405	45.6505
0.00402717	45.7831
0.00405042	45.9152
0.0040738	46.0472
0.00409732	46.1789
0.00412098	46.3105
0.00414477	46.4419
0.00416869	46.5738
0.00419276	46.7073
0.00421697	46.8405
0.00424131	46.9735
0.0042658	47.1062
0.00429042	47.2387
0.00431519	47.371
0.0043401	47.482
0.00436516	47.5925
0.00439036	47.7031
0.0044157	47.8138
0.0044412	47.9244
0.00446684	48.0351
0.00449262	48.1458
0.00451856	48.2565
0.00454465	48.3672
0.00457088	48.478
0.00459727	48.5859
0.00462381	48.6877
0.0046505	48.7896
0.00467735	48.8917
0.00470435	48.9938
0.00473151	49.0959
0.00475883	49.198
0.0047863	49.3002
0.00481393	49.4051
0.00484172	49.513
0.00486968	49.6212
0.00489779	49.7294
0.00492606	49.8375
0.0049545	49.9456
0.0049831	50.0537
0.00501187	50.1626
0.00504081	50.272
0.00506991	50.3814
0.00509918	50.4908
0.00512861	50.6001
0.00515822	50.7094
0.005188	50.8187
0.00521795	50.9279
0.00524807	51.0338
0.00527837	51.1155
0.00530884	51.1977
0.00533949	51.2814
0.00537032	51.3662
0.00540132	51.4505
0.0054325	51.5315
0.00546387	51.613
0.00549541	51.6949
0.00552713	51.7773
0.00555904	51.8601
0.00559114	51.9433
0.00562341	52.0245
0.00565588	52.1048
0.00568853	52.1854
0.00572137	52.2663
0.0057544	52.3477
0.00578762	52.4295
0.00582103	52.5116
0.00585464	52.5948
0.00588844	52.6784
0.00592243	52.756
0.00595662	52.8307
0.00599101	52.9058
0.0060256	52.9813
0.00606038	53.0572
0.00609537	53.1335
0.00613056	53.2102
0.00616595	53.2872
0.00620155	53.3645
0.00623735	53.4424
0.00627336	53.5208
0.00630957	53.5995
0.006346	53.6785
0.00638263	53.7579
0.00641948	53.8331
0.00645654	53.9041
0.00649382	53.9808
0.00653131	54.0628
0.00656901	54.1443
0.00660693	54.2248
0.00664508	54.3055
0.00668344	54.3869
0.00672202	54.4686
0.00676083	54.5506
0.00679986	54.6328
0.00683912	54.7152
0.0068786	54.7978
0.00691831	54.8807
0.00695825	54.9637
0.00699842	55.0469
0.00703882	55.1303
0.00707946	55.2139
0.00712033	55.2985
0.00716143	55.3838
0.00720278	55.4689
0.00724436	55.5506
0.00728618	55.6321
0.00732825	55.7137
0.00737055	55.7955
0.0074131	55.8774
0.0074559	55.9595
0.00749894	56.0417
0.00754223	56.1243
0.00758578	56.2003
0.00762957	56.2745
0.00767361	56.3487
0.00771792	56.4232
0.00776247	56.4978
0.00780728	56.5725
0.00785236	56.6474
0.00789769	56.7075
0.00794328	56.7607
0.00798914	56.8141
0.00803526	56.8654
0.00808165	56.9166
0.00812831	56.9682
0.00817523	57.0201
0.00822243	57.0723
0.0082699	57.1249
0.00831764	57.178
0.00836566	57.2299
0.00841395	57.282
0.00846253	57.3344
0.00851138	57.387
0.00856052	57.44
0.00860994	57.4933
0.00865964	57.5378
0.00870964	57.5756
0.00875992	57.614
0.00881049	57.6529
0.00886135	57.6923
0.00891251	57.7335
0.00896396	57.7753
0.00901571	57.8176
0.00906776	57.8604
0.00912011	57.9036
0.00917276	57.9474
0.00922571	58.0001
0.00927897	58.0542
0.00933254	58.1084
0.00938642	58.1629
0.00944061	58.2177
0.00949511	58.2726
0.00954993	58.3277
0.00960506	58.3824
0.00966051	58.43
0.00971628	58.4761
0.00977237	58.514
0.00982879	58.5523
0.00988553	58.5909
0.0099426	58.6298
0.01	58.6691
0.0100577	58.7089
0.0101158	58.7489
0.0101742	58.7892
0.0102329	58.8298
0.010292	58.8707
0.0103514	58.9119
0.0104112	58.9533
0.0104713	58.9944
0.0105317	59.0234
0.0105925	59.0475
0.0106537	59.0723
0.0107152	59.0984
0.0107771	59.1249
0.0108393	59.1482
0.0109018	59.1709
0.0109648	59.194
0.0110281	59.2175
0.0110917	59.2413
0.0111558	59.2655
0.0112202	59.2908
0.011285	59.3185
0.0113501	59.3466
0.0114156	59.375
0.0114815	59.4037
0.0115478	59.4326
0.0116145	59.4617
0.0116815	59.4914
0.011749	59.5214
0.0118168	59.5519
0.011885	59.5839
0.0119536	59.616
0.0120226	59.6482
0.0120921	59.6805
0.0121619	59.7129
0.0122321	59.7455
0.0123027	59.7782
0.0123737	59.8109
0.0124451	59.8441
0.012517	59.878
0.0125893	59.9125
0.0126619	59.947
0.012735	59.9816
0.0128086	60.0157
0.0128825	60.0441
0.0129569	60.0698
0.0130317	60.0794
0.0131069	60.0891
0.0131826	60.0884
0.0132587	60.0875
0.0133352	60.087
0.0134122	60.0869
0.0134896	60.0872
0.0135675	60.0878
0.0136458	60.0888
0.0137246	60.0902
0.0138038	60.0918
0.0138835	60.0937
0.0139637	60.096
0.0140443	60.0986
0.0141254	60.1016
0.0142069	60.1049
0.0142889	60.1088
0.0143714	60.113
0.0144544	60.1175
0.0145378	60.1224
0.0146218	60.1268
0.0147062	60.131
0.0147911	60.1355
0.0148765	60.1402
0.0149624	60.1452
0.0150487	60.1507
0.0151356	60.1577
0.015223	60.1674
0.0153109	60.1772
0.0153993	60.1871
0.0154882	60.1971
0.0155776	60.2072
0.0156675	60.2174
0.015758	60.2232
0.0158489	60.2159
0.0159404	60.2089
0.0160325	60.2008
0.016125	60.19
0.0162181	60.1791
0.0163117	60.1684
0.0164059	60.1579
0.0165006	60.1476
0.0165959	60.1378
0.0166917	60.1278
0.016788	60.1172
0.016885	60.1069
0.0169824	60.0967
0.0170805	60.0867
0.0171791	60.077
0.0172783	60.0654
0.017378	60.0416
0.0174783	60.0181
0.0175792	59.9949
0.0176807	59.9719
0.0177828	59.9488
0.0178855	59.9254
0.0179887	59.9023
0.0180926	59.8796
0.018197	59.8571
0.0183021	59.8349
0.0184077	59.8065
0.018514	59.7711
0.0186209	59.736
0.0187284	59.7013
0.0188365	59.6657
0.0189452	59.6305
0.0190546	59.5957
0.0191646	59.5611
0.0192752	59.5226
0.0193865	59.4814
0.0194984	59.4394
0.019611	59.3973
0.0197242	59.3596
0.0198381	59.3269
0.0199526	59.2945
0.0200678	59.2625
0.0201837	59.2307
0.0203002	59.1991
0.0204174	59.1677
0.0205353	59.1365
0.0206538	59.1055
0.020773	59.0747
0.020893	59.0435
0.0210136	59.0092
0.0211349	58.9671
0.0212569	58.9252
0.0213796	58.8836
0.021503	58.8422
0.0216272	58.7974
0.021752	58.7466
0.0218776	58.696
0.0220039	58.6458
0.0221309	58.5959
0.0222587	58.5459
0.0223872	58.4961
0.0225165	58.442
0.0226464	58.3869
0.0227772	58.3322
0.0229087	58.2777
0.0230409	58.2236
0.0231739	58.17
0.0233077	58.1168
0.0234423	58.064
0.0235776	58.0116
0.0237137	57.9523
0.0238506	57.8917
0.0239883	57.8314
0.0241268	57.774
0.0242661	57.7177
0.0244062	57.6617
0.0245471	57.606
0.0246888	57.5505
0.0248313	57.4954
0.0249747	57.4405
0.0251189	57.3839
0.0252639	57.3276
0.0254097	57.2715
0.0255564	57.2157
0.025704	57.1574
0.0258523	57.0977
0.0260016	57.0265
0.0261517	56.9503
0.0263027	56.8748
0.0264545	56.7998
0.0266073	56.7252
0.0267609	56.6511
0.0269153	56.5773
0.0270707	56.5038
0.027227	56.4305
0.0273842	56.3575
0.0275423	56.2847
0.0277013	56.2122
0.0278612	56.1399
0.0280221	56.0678
0.0281838	55.996
0.0283465	55.9245
0.0285102	55.8532
0.0286748	55.7822
0.0288403	55.7108
0.0290068	55.6368
0.0291743	55.5628
0.0293427	55.4889
0.0295121	55.4152
0.0296825	55.3418
0.0298538	55.2689
0.0300262	55.1961
0.0301995	55.1236
0.0303739	55.0393
0.0305492	54.954
0.0307256	54.869
0.030903	54.7844
0.0310814	54.6998
0.0312608	54.6149
0.0314413	54.5303
0.0316228	54.446
0.0318053	54.3621
0.031989	54.2785
0.0321736	54.1947
0.0323594	54.111
0.0325462	54.0336
0.0327341	53.957
0.032923	53.8725
0.0331131	53.7853
0.0333043	53.6984
0.0334965	53.6103
0.0336899	53.5225
0.0338844	53.435
0.03408	53.3477
0.0342768	53.2608
0.0344747	53.1741
0.0346737	53.0804
0.0348739	52.9837
0.0350752	52.8873
0.0352777	52.7913
0.0354813	52.6957
0.0356862	52.5997
0.0358922	52.504
0.0360994	52.4087
0.0363078	52.3138
0.0365174	52.2192
0.0367282	52.1249
0.0369403	52.031
0.0371535	51.9374
0.037368	51.8442
0.0375837	51.751
0.0378007	51.658
0.0380189	51.5652
0.0382384	51.4728
0.0384592	51.3808
0.0386812	51.2891
0.0389045	51.1959
0.0391291	51.0964
0.039355	50.997
0.0395822	50.8908
0.0398107	50.7853
0.0400405	50.6794
0.0402717	50.5697
0.0405042	50.4599
0.040738	50.3506
0.0409732	50.2418
0.0412098	50.1334
0.0414477	50.0254
0.0416869	49.9176
0.0419276	49.8092
0.0421697	49.7013
0.0424131	49.5939
0.042658	49.4869
0.0429042	49.3803
0.0431519	49.2743
0.043401	49.1649
0.0436516	49.0556
0.0439036	48.9467
0.044157	48.8382
0.044412	48.7298
0.0446684	48.6211
0.0449262	48.5128
0.0451856	48.4049
0.0454465	48.2974
0.0457088	48.1902
0.0459727	48.0823
0.0462381	47.9708
0.046505	47.8598
0.0467735	47.7494
0.0470435	47.6395
0.0473151	47.5299
0.0475883	47.4208
0.047863	47.312
0.0481393	47.2026
0.0484172	47.0917
0.0486968	46.981
0.0489779	46.8708
0.0492606	46.761
0.049545	46.6517
0.049831	46.5428
0.0501187	46.4332
0.0504081	46.3231
0.0506991	46.2134
0.0509918	46.1041
0.0512861	45.9953
0.0515822	45.8869
0.05188	45.7789
0.0521795	45.6714
0.0524807	45.5642
0.0527837	45.4538
0.0530884	45.3439
0.0533949	45.2337
0.0537032	45.1231
0.0540132	45.0116
0.054325	44.8911
0.0546387	44.771
0.0549541	44.6515
0.0552713	44.5325
0.0555904	44.4139
0.0559114	44.2959
0.0562341	44.1772
0.0565588	44.058
0.0568853	43.9394
0.0572137	43.8212
0.057544	43.7036
0.0578762	43.5865
0.0582103	43.4699
0.0585464	43.3526
0.0588844	43.2354
0.0592243	43.117
0.0595662	42.9979
0.0599101	42.8794
0.060256	42.7614
0.0606038	42.644
0.0609537	42.5271
0.0613056	42.4107
0.0616595	42.2948
0.0620155	42.1795
0.0623735	42.0642
0.0627336	41.9497
0.0630957	41.8359
0.06346	41.7226
0.0638263	41.6098
0.0641948	41.4969
0.0645654	41.3836
0.0649382	41.2675
0.0653131	41.148
0.0656901	41.0282
0.0660693	40.9065
0.0664508	40.7856
0.0668344	40.6644
0.0672202	40.5431
0.0676083	40.4224
0.0679986	40.3022
0.0683912	40.1826
0.068786	40.0636
0.0691831	39.945
0.0695825	39.827
0.0699842	39.7096
0.0703882	39.5927
0.0707946	39.4764
0.0712033	39.36
0.0716143	39.2434
0.0720278	39.1275
0.0724436	39.011
0.0728618	38.8949
0.0732825	38.7794
0.0737055	38.6644
0.074131	38.5499
0.074559	38.436
0.0749894	38.3226
0.0754223	38.2087
0.0758578	38.0922
0.0762957	37.9743
0.0767361	37.8571
0.0771792	37.7404
0.0776247	37.6243
0.0780728	37.5087
0.0785236	37.3937
0.0789769	37.2776
0.0794328	37.1607
0.0798914	37.0444
0.0803526	36.9272
0.0808165	36.8101
0.0812831	36.6934
0.0817523	36.5774
0.0822243	36.4619
0.082699	36.3469
0.0831764	36.2324
0.0836566	36.1177
0.0841395	36.0033
0.0846253	35.8895
0.0851138	35.7762
0.0856052	35.6635
0.0860994	35.5513
0.0865964	35.4381
0.0870964	35.3233
0.0875992	35.2091
0.0881049	35.0955
0.0886135	34.9824
0.0891251	34.869
0.0896396	34.7559
0.0901571	34.6434
0.0906776	34.5314
0.0912011	34.42
0.0917276	34.3091
0.0922571	34.1971
0.0927897	34.0851
0.0933254	33.9738
0.0938642	33.863
0.0944061	33.7527
0.0949511	33.643
0.0954993	33.5338
0.0960506	33.4251
0.0966051	33.3159
0.0971628	33.2069
0.0977237	33.0959
0.0982879	32.9852
0.0988553	32.875
0.099426	32.7655
0.1	32.6564
0.100577	32.5479
0.101158	32.4399
0.101742	32.3324
0.102329	32.2255
0.10292	32.1191
0.103514	32.0133
0.104112	31.908
0.104713	31.802
0.105317	31.6955
0.105925	31.5888
0.106537	31.4826
0.107152	31.3752
0.107771	31.2684
0.108393	31.1602
0.109018	31.0513
0.109648	30.943
0.110281	30.8352
0.110917	30.7279
0.111558	30.6212
0.112202	30.5149
0.11285	30.4084
0.113501	30.3024
0.114156	30.1969
0.114815	30.0919
0.115478	29.9875
0.116145	29.8836
0.116815	29.7801
0.11749	29.6771
0.118168	29.5746
0.11885	29.4714
0.119536	29.3687
0.120226	29.2665
0.120921	29.1649
0.121619	29.0638
0.122321	28.9632
0.123027	28.8631
0.123737	28.7635
0.124451	28.6641
0.12517	28.5639
0.125893	28.4636
0.126619	28.3637
0.12735	28.2644
0.128086	28.1655
0.128825	28.0667
0.129569	27.9682
0.130317	27.8675
0.131069	27.767
0.131826	27.666
0.132587	27.565
0.133352	27.4646
0.134122	27.3649
0.134896	27.2657
0.135675	27.167
0.136458	27.0689
0.137246	26.9712
0.138038	26.8741
0.138835	26.7774
0.139637	26.6812
0.140443	26.5855
0.141254	26.4903
0.142069	26.3956
0.142889	26.3003
0.143714	26.2055
0.144544	26.111
0.145378	26.0167
0.146218	25.9226
0.147062	25.8285
0.147911	25.735
0.148765	25.642
0.149624	25.5494
0.150487	25.4572
0.151356	25.3652
0.15223	25.2718
0.153109	25.1789
0.153993	25.0864
0.154882	24.9944
0.155776	24.9029
0.156675	24.8119
0.15758	24.7214
0.158489	24.6299
0.159404	24.5389
0.160325	24.4479
0.16125	24.3564
0.162181	24.2653
0.163117	24.1747
0.164059	24.0846
0.165006	23.995
0.165959	23.9057
0.166917	23.8168
0.16788	23.7278
0.16885	23.6393
0.169824	23.5513
0.170805	23.4638
0.171791	23.3767
0.172783	23.29
0.17378	23.2024
0.174783	23.115
0.175792	23.0281
0.176807	22.9416
0.177828	22.8554
0.178855	22.7689
0.179887	22.6828
0.180926	22.5972
0.18197	22.512
0.183021	22.4273
0.184077	22.3429
0.18514	22.258
0.186209	22.1736
0.187284	22.0896
0.188365	22.0058
0.189452	21.9224
0.190546	21.8394
0.191646	21.7568
0.192752	21.6745
0.193865	21.5923
0.194984	21.51
0.19611	21.4273
0.197242	21.345
0.198381	21.2632
0.199526	21.1818
0.200678	21.1005
0.201837	21.0197
0.203002	20.9392
0.204174	20.8592
0.205353	20.7797
0.206538	20.7005
0.20773	20.6218
0.20893	20.5433
0.210136	20.465
0.211349	20.3864
0.212569	20.3081
0.213796	20.2302
0.21503	20.1528
0.216272	20.0757
0.21752	19.9977
0.218776	19.9201
0.220039	19.8428
0.221309	19.766
0.222587	19.6893
0.223872	19.6122
0.225165	19.5353
0.226464	19.4586
0.227772	19.3823
0.229087	19.3064
0.230409	19.2308
0.231739	19.1557
0.233077	19.0809
0.234423	19.0062
0.235776	18.932
0.237137	18.858
0.238506	18.7839
0.239883	18.7103
0.241268	18.6371
0.242661	18.5642
0.244062	18.4917
0.245471	18.4196
0.246888	18.3479
0.248313	18.2765
0.249747	18.2056
0.251189	18.1348
0.252639	18.0642
0.254097	17.994
0.255564	17.9242
0.25704	17.8547
0.258523	17.7853
0.260016	17.716
0.261517	17.6459
0.263027	17.5762
0.264545	17.5061
0.266073	17.4363
0.267609	17.3662
0.269153	17.2962
0.270707	17.2265
0.27227	17.1573
0.273842	17.0884
0.275423	17.0198
0.277013	16.9516
0.278612	16.8838
0.280221	16.8164
0.281838	16.7493
0.283465	16.6826
0.285102	16.6162
0.286748	16.5502
0.288403	16.4845
0.290068	16.4191
0.291743	16.3539
0.293427	16.2888
0.295121	16.2241
0.296825	16.1597
0.298538	16.0942
0.300262	16.028
0.301995	15.962
0.303739	15.8963
0.305492	15.8307
0.307256	15.7654
0.30903	15.7004
0.310814	15.6364
0.312608	15.5718
0.314413	15.5073
0.316228	15.4431
0.318053	15.3791
0.31989	15.3154
0.321736	15.2518
0.323594	15.1884
0.325462	15.1253
0.327341	15.0624
0.32923	14.9997
0.331131	14.9373
0.333043	14.877
0.334965	14.8155
0.336899	14.7537
0.338844	14.6921
0.3408	14.6307
0.342768	14.5695
0.344747	14.5085
0.346737	14.4477
0.348739	14.3872
0.350752	14.3268
0.352777	14.2667
0.354813	14.2068
0.356862	14.1471
0.358922	14.0876
0.360994	14.0284
0.363078	13.9693
0.365174	13.9187
0.367282	13.86
0.369403	13.8014
0.371535	13.7431
0.37368	13.6573
0.375837	13.599
0.378007	13.5434
0.380189	13.4855
0.382384	13.4278
0.384592	13.3704
0.386812	13.3132
0.389045	13.2562
0.391291	13.1995
0.39355	13.1429
0.395822	13.0866
0.398107	13.0305
0.400405	12.9745
0.402717	12.9188
0.405042	12.8633
0.40738	12.808
0.409732	12.7529
0.412098	12.698
0.414477	12.6433
0.416869	12.5888
0.419276	12.5345
0.421697	12.4804
0.424131	12.4266
0.42658	12.3729
0.429042	12.3194
0.431519	12.2661
0.43401	12.2131
0.436516	12.1602
0.439036	12.1075
0.44157	12.055
0.44412	12.0104
0.446684	11.9583
0.449262	11.9064
0.451856	11.8547
0.454465	11.8032
0.457088	11.7518
0.459727	11.7007
0.462381	11.6498
0.46505	11.599
0.467735	11.5485
0.470435	11.4981
0.473151	11.448
0.475883	11.398
0.47863	11.3483
0.481393	11.2987
0.484172	11.2493
0.486968	11.2001
0.489779	11.1511
0.492606	11.1023
0.49545	11.0537
0.49831	11.0052
0.501187	10.957
0.504081	10.9094
0.506991	10.8615
0.509918	10.8139
0.512861	10.7664
0.515822	10.719
0.5188	10.6719
0.521795	10.625
0.524807	10.579
0.527837	10.5335
0.530884	10.4882
0.533949	10.4431
0.537032	10.3981
0.540132	10.3533
0.54325	10.3086
0.546387	10.2641
0.549541	10.2198
0.552713	10.1757
0.555904	10.1317
0.559114	10.0878
0.562341	10.0442
0.565588	10.0007
0.568853	9.95731
0.572137	9.91412
0.57544	9.8711
0.578762	9.82825
0.582103	9.78555
0.585464	9.74301
0.588844	9.70063
0.592243	9.65841
0.595662	9.61636
0.599101	9.57446
0.60256	9.53272
0.606038	9.49114
0.609537	9.45235
0.613056	9.41104
0.616595	9.36989
0.620155	9.3289
0.623735	9.28806
0.627336	9.24738
0.630957	9.20687
0.6346	9.1665
0.638263	9.12628
0.641948	9.08623
0.645654	9.04632
0.649382	9.00657
0.653131	8.96698
0.656901	8.92754
0.660693	8.88826
0.664508	8.84913
0.668344	8.81617
0.672202	8.77727
0.676083	8.73852
0.679986	8.69993
0.683912	8.66149
0.68786	8.6232
0.691831	8.58506
0.695825	8.54708
0.699842	8.50924
0.703882	8.47155
0.707946	8.43401
0.712033	8.39662
0.716143	8.35938
0.720278	8.32229
0.724436	8.28534
0.728618	8.24855
0.732825	8.2119
0.737055	8.1754
0.74131	8.13904
0.74559	8.10283
0.749894	8.06677
0.754223	8.03085
0.758578	7.99507
0.762957	7.95944
0.767361	7.92395
0.771792	7.88861
0.776247	7.8534
0.780728	7.81834
0.785236	7.78342
0.789769	7.74865
0.794328	7.71402
0.798914	7.67952
0.803526	7.64517
0.808165	7.61096
0.812831	7.57688
0.817523	7.54295
0.822243	7.50915
0.82699	7.4755
0.831764	7.44198
0.836566	7.4086
0.841395	7.37536
0.846253	7.3424
0.851138	7.30942
0.856052	7.27815
0.860994	7.24542
0.865964	7.21283
0.870964	7.18038
0.875992	7.14805
0.881049	7.11585
0.886135	7.0838
0.891251	7.05188
0.896396	7.0201
0.901571	6.98844
0.906776	6.95691
0.912011	6.92552
0.917276	6.89426
0.922571	6.86313
0.927897	6.83212
0.933254	6.80126
0.938642	6.77051
0.944061	6.7399
0.949511	6.70942
0.954993	6.67906
0.960506	6.64883
0.966051	6.61873
0.971628	6.58875
0.977237	6.55891
0.982879	6.52919
0.988553	6.49959
0.99426	6.47012
1	6.44077
1.00577	6.41155
1.01158	6.38245
1.01742	6.35348
1.02329	6.32463
1.0292	6.2959
1.03514	6.26729
1.04112	6.23881
1.04713	6.21045
1.05317	6.1822
1.05925	6.15409
1.06537	6.12609
1.07152	6.09821
1.07771	6.07045
1.08393	6.0428
1.09018	6.01528
1.09648	5.98787
1.10281	5.96058
1.10917	5.93341
1.11558	5.90829
1.12202	5.88131
1.1285	5.85446
1.13501	5.82772
1.14156	5.80109
1.14815	5.77458
1.15478	5.74818
1.16145	5.7219
1.16815	5.69573
1.1749	5.66968
1.18168	5.64374
1.1885	5.61799
1.19536	5.59228
1.20226	5.56667
1.20921	5.54117
1.21619	5.51579
1.22321	5.49051
1.23027	5.46536
1.23737	5.44031
1.24451	5.41537
1.2517	5.39054
1.25893	5.36582
1.26619	5.34121
1.2735	5.3167
1.28086	5.2923
1.28825	5.26801
1.29569	5.24382
1.30317	5.21974
1.31069	5.19576
1.31826	5.17189
1.32587	5.14813
1.33352	5.12447
1.34122	5.10091
1.34896	5.07746
1.35675	5.05411
1.36458	5.03086
1.37246	5.00771
1.38038	4.98467
1.38835	4.96172
1.39637	4.93888
1.40443	4.91614
1.41254	4.8935
1.42069	4.87096
1.42889	4.84852
1.43714	4.82618
1.44544	4.80393
1.45378	4.78179
1.46218	4.75974
1.47062	4.73779
1.47911	4.71594
1.48765	4.69418
1.49624	4.67253
1.50487	4.65096
1.51356	4.6295
1.5223	4.60813
1.53109	4.58685
1.53993	4.56567
1.54882	4.54458
1.55776	4.52359
1.56675	4.50269
1.5758	4.48301
1.58489	4.46228
1.59404	4.44164
1.60325	4.4211
1.6125	4.40064
1.62181	4.38028
1.63117	4.36
1.64059	4.33982
1.65006	4.31973
1.65959	4.29973
1.66917	4.27981
1.6788	4.25999
1.6885	4.24026
1.69824	4.22061
1.70805	4.20105
1.71791	4.18158
1.72783	4.1622
1.7378	4.1429
1.74783	4.1237
1.75792	4.10457
1.76807	4.08554
1.77828	4.06659
1.78855	4.04772
1.79887	4.02894
1.80926	4.01025
1.8197	3.99164
1.83021	3.97311
1.84077	3.95467
1.8514	3.9363
1.86209	3.91803
1.87284	3.89984
1.88365	3.88173
1.89452	3.8637
1.90546	3.84575
1.91646	3.82788
1.92752	3.81009
1.93865	3.79239
1.94984	3.77476
1.9611	3.75722
1.97242	3.73975
1.98381	3.72236
1.99526	3.70506
2.00678	3.68783
2.01837	3.67068
2.03002	3.6536
2.04174	3.63661
2.05353	3.61969
2.06538	3.60285
2.0773	3.58609
2.0893	3.5694
2.10136	3.55279
2.11349	3.53625
2.12569	3.51979
2.13796	3.50341
2.1503	3.4871
2.16272	3.47086
2.1752	3.4547
2.18776	3.43862
2.20039	3.4226
2.21309	3.40666
2.22587	3.39079
2.23872	3.375
2.25165	3.35927
2.26464	3.34362
2.27772	3.32805
2.29087	3.31255
2.30409	3.29711
2.31739	3.28175
2.33077	3.26646
2.34423	3.25124
2.35776	3.23609
2.37137	3.22101
2.38506	3.206
2.39883	3.19105
2.41268	3.17618
2.42661	3.16137
2.44062	3.14663
2.45471	3.13196
2.46888	3.11736
2.48313	3.10283
2.49747	3.08836
2.51189	3.07395
2.52639	3.05962
2.54097	3.04535
2.55564	3.03115
2.5704	3.01701
2.58523	3.00293
2.60016	2.98892
2.61517	2.97498
2.63027	2.9611
2.64545	2.94729
2.66073	2.93353
2.67609	2.91985
2.69153	2.90622
2.70707	2.89266
2.7227	2.87916
2.73842	2.86573
2.75423	2.85235
2.77013	2.83904
2.78612	2.82579
2.80221	2.8126
2.81838	2.79947
2.83465	2.78641
2.85102	2.7734
2.86748	2.76046
2.88403	2.74757
2.90068	2.73475
2.91743	2.72198
2.93427	2.70927
2.95121	2.69663
2.96825	2.68404
2.98538	2.67151
3.00262	2.65904
3.01995	2.64662
3.03739	2.63427
3.05492	2.62197
3.07256	2.60973
3.0903	2.59755
3.10814	2.58542
3.12608	2.57335
3.14413	2.56134
3.16228	2.54938
3.18053	2.53748
3.1989	2.52563
3.21736	2.51384
3.23594	2.50211
3.25462	2.49043
3.27341	2.4788
3.2923	2.46723
3.31131	2.45572
3.33043	2.44425
3.34965	2.43285
3.36899	2.42149
3.38844	2.41019
3.408	2.39894
3.42768	2.38774
3.44747	2.3766
3.46737	2.36551
3.48739	2.35447
3.50752	2.34348
3.52777	2.33254
3.54813	2.32166
3.56862	2.31083
3.58922	2.30005
3.60994	2.28931
3.63078	2.27863
3.65174	2.268
3.67282	2.25742
3.69403	2.24689
3.71535	2.23641
3.7368	2.22598
3.75837	2.2156
3.78007	2.20527
3.80189	2.19498
3.82384	2.18474
3.84592	2.17456
3.86812	2.16442
3.89045	2.15433
3.91291	2.14428
3.9355	2.13429
3.95822	2.12434
3.98107	2.11444
4.00405	2.10458
4.02717	2.09478
4.05042	2.08502
4.0738	2.0753
4.09732	2.06563
4.12098	2.05601
4.14477	2.04643
4.16869	2.0369
4.19276	2.02741
4.21697	2.01797
4.24131	2.00858
4.2658	1.99922
4.29042	1.98992
4.31519	1.98065
4.3401	1.97143
4.36516	1.96226
4.39036	1.95313
4.4157	1.94404
4.4412	1.93499
4.46684	1.92599
4.49262	1.91703
4.51856	1.90812
4.54465	1.89924
4.57088	1.89041
4.59727	1.88162
4.62381	1.87287
4.6505	1.86417
4.67735	1.85551
4.70435	1.84688
4.73151	1.8383
4.75883	1.82976
4.7863	1.82126
4.81393	1.8128
4.84172	1.80439
4.86968	1.79601
4.89779	1.78767
4.92606	1.77937
4.9545	1.77111
4.9831	1.7629
5.01187	1.75472
5.04081	1.74658
5.06991	1.73848
5.09918	1.73041
5.12861	1.72239
5.15822	1.71441
5.188	1.70646
5.21795	1.69855
5.24807	1.69068
5.27837	1.68285
5.30884	1.67505
5.33949	1.6673
5.37032	1.65958
5.40132	1.65189
5.4325	1.64425
5.46387	1.63664
5.49541	1.62907
5.52713	1.62153
5.55904	1.61403
5.59114	1.60657
5.62341	1.59914
5.65588	1.59175
5.68853	1.58439
5.72137	1.57707
5.7544	1.56979
5.78762	1.56254
5.82103	1.55532
5.85464	1.54814
5.88844	1.541
5.92243	1.53389
5.95662	1.52681
5.99101	1.51977
6.0256	1.51276
6.06038	1.50579
6.09537	1.49884
6.13056	1.49194
6.16595	1.48506
6.20155	1.47822
6.23735	1.47142
6.27336	1.46464
6.30957	1.4579
6.346	1.45119
6.38263	1.44452
6.41948	1.43788
6.45654	1.43126
6.49382	1.42469
6.53131	1.41814
6.56901	1.41162
6.60693	1.40514
6.64508	1.39869
6.68344	1.39227
6.72202	1.38588
6.76083	1.37952
6.79986	1.37319
6.83912	1.3669
6.8786	1.36063
6.91831	1.3544
6.95825	1.34819
6.99842	1.34202
7.03882	1.33587
7.07946	1.32976
7.12033	1.32367
7.16143	1.31762
7.20278	1.31159
7.24436	1.3056
7.28618	1.29963
7.32825	1.29369
7.37055	1.28778
7.4131	1.2819
7.4559	1.27605
7.49894	1.27023
7.54223	1.26444
7.58578	1.25867
7.62957	1.25293
7.67361	1.24723
7.71792	1.24154
7.76247	1.23589
7.80728	1.23027
7.85236	1.22467
7.89769	1.2191
7.94328	1.21355
7.98914	1.20804
8.03526	1.20255
8.08165	1.19709
8.12831	1.19165
8.17523	1.18624
8.22243	1.18086
8.2699	1.17551
8.31764	1.17018
8.36566	1.16487
8.41395	1.1596
8.46253	1.15435
8.51138	1.14912
8.56052	1.14392
8.60994	1.13875
8.65964	1.1336
8.70964	1.12848
8.75992	1.12338
8.81049	1.11831
8.86135	1.11326
8.91251	1.10824
8.96396	1.10324
9.01571	1.09827
9.06776	1.09332
9.12011	1.0884
9.17276	1.0835
9.22571	1.07862
9.27897	1.07377
9.33254	1.06894
9.38642	1.06414
9.44061	1.05936
9.49511	1.05461
9.54993	1.04987
9.60506	1.04516
9.66051	1.04048
9.71628	1.03582
9.77237	1.03118
9.82879	1.02656
9.88553	1.02197
9.9426	1.0174
10	1.01285
10.0577	1.00832
10.1158	1.00382
10.1742	0.999341
10.2329	0.994883
10.292	0.990447
10.3514	0.986033
10.4112	0.981641
10.4713	0.977271
10.5317	0.972923
10.5925	0.968596
10.6537	0.964291
10.7152	0.960007
10.7771	0.955745
10.8393	0.951504
10.9018	0.947284
10.9648	0.943085
11.0281	0.938907
11.0917	0.93475
11.1558	0.930614
11.2202	0.926498
11.285	0.922403
11.3501	0.918328
11.4156	0.914274
11.4815	0.91024
11.5478	0.906226
11.6145	0.902233
11.6815	0.898259
11.749	0.894305
11.8168	0.890371
11.885	0.886457
11.9536	0.882562
12.0226	0.878687
12.0921	0.874831
12.1619	0.870995
12.2321	0.867178
12.3027	0.86338
12.3737	0.859601
12.4451	0.855841
12.517	0.8521
12.5893	0.848378
12.6619	0.844674
12.735	0.840989
12.8086	0.837323
12.8825	0.833675
12.9569	0.830046
13.0317	0.826435
13.1069	0.822842
13.1826	0.819267
13.2587	0.81571
13.3352	0.812171
13.4122	0.80865
13.4896	0.805146
13.5675	0.801661
13.6458	0.798193
13.7246	0.794742
13.8038	0.791309
13.8835	0.787893
13.9637	0.784495
14.0443	0.781114
14.1254	0.77775
14.2069	0.774403
14.2889	0.771072
14.3714	0.767759
14.4544	0.764463
14.5378	0.761183
14.6218	0.75792
14.7062	0.754673
14.7911	0.751443
14.8765	0.748229
14.9624	0.745032
15.0487	0.741851
15.1356	0.738686
15.223	0.735537
15.3109	0.732404
15.3993	0.729287
15.4882	0.726186
15.5776	0.723101
15.6675	0.720031
15.758	0.716977
15.8489	0.713939
15.9404	0.710916
16.0325	0.707908
16.125	0.704916
16.2181	0.70194
16.3117	0.698978
16.4059	0.696031
16.5006	0.6931
16.5959	0.690184
16.6917	0.687282
16.788	0.684395
16.885	0.681523
16.9824	0.678666
17.0805	0.675824
17.1791	0.672996
17.2783	0.670182
17.378	0.667383
17.4783	0.664598
17.5792	0.661828
17.6807	0.659072
17.7828	0.65633
17.8855	0.653602
17.9887	0.650888
18.0926	0.648188
18.197	0.645502
18.3021	0.64283
18.4077	0.640171
18.514	0.637526
18.6209	0.634895
18.7284	0.632278
18.8365	0.629674
18.9452	0.627083
19.0546	0.624506
19.1646	0.621942
19.2752	0.619391
19.3865	0.616854
19.4984	0.614329
19.611	0.611818
19.7242	0.60932
19.8381	0.606834
19.9526	0.604362
20.0678	0.601902
20.1837	0.599455
20.3002	0.597021
20.4174	0.594599
20.5353	0.59219
20.6538	0.589794
20.773	0.58741
20.893	0.585038
21.0136	0.582679
21.1349	0.580332
21.2569	0.577997
21.3796	0.575674
21.503	0.573364
21.6272	0.571065
21.752	0.568779
21.8776	0.566504
22.0039	0.564241
22.1309	0.56199
22.2587	0.559751
22.3872	0.557524
22.5165	0.555308
22.6464	0.553104
22.7772	0.550911
22.9087	0.54873
23.0409	0.546561
23.1739	0.544402
23.3077	0.542255
23.4423	0.54012
23.5776	0.537995
23.7137	0.535882
23.8506	0.53378
23.9883	0.531688
24.1268	0.529608
24.2661	0.527539
24.4062	0.525481
24.5471	0.523433
24.6888	0.521397
24.8313	0.519371
24.9747	0.517356
25.1189	0.515351
25.2639	0.513357
25.4097	0.511374
25.5564	0.509401
25.704	0.507439
25.8523	0.505487
26.0016	0.503545
26.1517	0.501614
26.3027	0.499693
26.4545	0.497782
26.6073	0.495881
26.7609	0.49399
26.9153	0.49211
27.0707	0.490239
27.227	0.488378
27.3842	0.486528
27.5423	0.484687
27.7013	0.482856
27.8612	0.481035
28.0221	0.479223
28.1838	0.477421
28.3465	0.475629
28.5102	0.473847
28.6748	0.472074
28.8403	0.47031
29.0068	0.468556
29.1743	0.466811
29.3427	0.465076
29.5121	0.46335
29.6825	0.461633
29.8538	0.459926
30.0262	0.458228
30.1995	0.456539
30.3739	0.454859
30.5492	0.453188
30.7256	0.451526
30.903	0.449873
31.0814	0.448229
31.2608	0.446594
31.4413	0.444967
31.6228	0.44335
31.8053	0.441741
31.989	0.440141
32.1736	0.43855
32.3594	0.436967
32.5462	0.435393
32.7341	0.433828
32.923	0.432271
33.1131	0.430722
33.3043	0.429182
33.4965	0.427651
33.6899	0.426128
33.8844	0.424613
34.08	0.423106
34.2768	0.421608
34.4747	0.420117
34.6737	0.418635
34.8739	0.417161
35.0752	0.415696
35.2777	0.414238
35.4813	0.412788
35.6862	0.411346
35.8922	0.409912
36.0994	0.408487
36.3078	0.407068
36.5174	0.405658
36.7282	0.404256
36.9403	0.402861
37.1535	0.401474
37.368	0.400095
37.5837	0.398723
37.8007	0.397359
38.0189	0.396003
38.2384	0.394654
38.4592	0.393312
38.6812	0.391978
38.9045	0.390652
39.1291	0.389333
39.355	0.388021
39.5822	0.386716
39.8107	0.385419
40.0405	0.384129
40.2717	0.382847
40.5042	0.381571
40.738	0.380303
40.9732	0.379042
41.2098	0.377788
41.4477	0.376541
41.6869	0.375301
41.9276	0.374068
42.1697	0.372842
42.4131	0.371622
42.658	0.37041
42.9042	0.369205
43.1519	0.368006
43.401	0.366814
43.6516	0.365629
43.9036	0.364451
44.157	0.36328
44.412	0.362115
44.6684	0.360956
44.9262	0.359805
45.1856	0.35866
45.4465	0.357521
45.7088	0.356389
45.9727	0.355264
46.2381	0.354145
46.505	0.353032
46.7735	0.351926
47.0435	0.350826
47.3151	0.349732
47.5883	0.348645
47.863	0.347564
48.1393	0.34649
48.4172	0.345421
48.6968	0.344359
48.9779	0.343303
49.2606	0.342253
49.545	0.341209
49.831	0.340171
50.1187	0.339139
50.4081	0.338114
50.6991	0.337094
50.9918	0.33608
51.2861	0.335072
51.5822	0.33407
51.88	0.333074
52.1795	0.332084
52.4807	0.3311
52.7837	0.330121
53.0884	0.329148
53.3949	0.328181
53.7032	0.32722
54.0132	0.326264
54.325	0.325314
54.6387	0.32437
54.9541	0.323431
55.2713	0.322498
55.5904	0.32157
55.9114	0.320648
56.2341	0.319732
56.5588	0.318821
56.8853	0.317915
57.2137	0.317015
57.544	0.31612
57.8762	0.315231
58.2103	0.314347
58.5464	0.313468
58.8844	0.312595
59.2243	0.311727
59.5662	0.310864
59.9101	0.310006
60.256	0.309154
60.6038	0.308307
60.9537	0.307465
61.3056	0.306628
61.6595	0.305796
62.0155	0.30497
62.3735	0.304148
62.7336	0.303332
63.0957	0.30252
63.46	0.301714
63.8263	0.300912
64.1948	0.300116
64.5654	0.299324
64.9382	0.298537
65.3131	0.297755
65.6901	0.296978
66.0693	0.296206
66.4508	0.295439
66.8344	0.294677
67.2202	0.293919
67.6083	0.293166
67.9986	0.292418
68.3912	0.291674
68.786	0.290935
69.1831	0.290201
69.5825	0.289472
69.9842	0.288747
70.3882	0.288026
70.7946	0.287311
71.2033	0.2866
71.6143	0.285893
72.0278	0.285191
72.4436	0.284493
72.8618	0.2838
73.2825	0.283112
73.7055	0.282427
74.131	0.281748
74.559	0.281072
74.9894	0.280401
75.4223	0.279735
75.8578	0.279072
76.2957	0.278414
76.7361	0.277761
77.1792	0.277111
77.6247	0.276466
78.0728	0.275825
78.5236	0.275188
78.9769	0.274556
79.4328	0.273928
79.8914	0.273304
80.3526	0.272684
80.8165	0.272068
81.2831	0.271456
81.7523	0.270848
82.2243	0.270245
82.699	0.269645
83.1764	0.26905
83.6566	0.268458
84.1395	0.267871
84.6253	0.267287
85.1138	0.266708
85.6052	0.266132
86.0994	0.26556
86.5964	0.264993
87.0964	0.264429
87.5992	0.263869
88.1049	0.263313
88.6135	0.26276
89.1251	0.262212
89.6396	0.261667
90.1571	0.261126
90.6776	0.260589
91.2011	0.260056
91.7276	0.259526
92.2571	0.259
92.7897	0.258478
93.3254	0.257959
93.8642	0.257444
94.4061	0.256933
94.9511	0.256426
95.4993	0.255922
96.0506	0.255421
96.6051	0.254925
97.1628	0.254431
97.7237	0.253942
98.2879	0.253456
98.8553	0.252973
99.426	0.252494
100	0.252018
100.577	0.251546
101.158	0.251077
101.742	0.250612
102.329	0.25015
102.92	0.249692
103.514	0.249237
104.112	0.248785
104.713	0.248337
105.317	0.247892
105.925	0.247451
106.537	0.247012
107.152	0.246577
107.771	0.246146
108.393	0.245717
109.018	0.245292
109.648	0.244871
110.281	0.244452
110.917	0.244036
111.558	0.243624
112.202	0.243215
112.85	0.242809
113.501	0.242407
114.156	0.242007
114.815	0.241611
115.478	0.241217
116.145	0.240827
116.815	0.24044
117.49	0.240056
118.168	0.239675
118.85	0.239297
119.536	0.238922
120.226	0.238551
120.921	0.238182
121.619	0.237816
122.321	0.237453
123.027	0.237093
123.737	0.236736
124.451	0.236382
125.17	0.236031
125.893	0.235683
126.619	0.235338
127.35	0.234995
128.086	0.234656
128.825	0.234319
129.569	0.233985
130.317	0.233654
131.069	0.233326
131.826	0.233001
132.587	0.232678
133.352	0.232358
134.122	0.232041
134.896	0.231727
135.675	0.231416
136.458	0.231107
137.246	0.230801
138.038	0.230498
138.835	0.230197
139.637	0.229899
140.443	0.229604
141.254	0.229311
142.069	0.229021
142.889	0.228734
143.714	0.228449
144.544	0.228167
145.378	0.227866
146.218	0.227564
147.062	0.227265
147.911	0.226969
148.765	0.226674
149.624	0.226383
150.487	0.226093
151.356	0.225807
152.23	0.225523
153.109	0.225241
153.993	0.224961
154.882	0.224685
155.776	0.22441
156.675	0.224138
157.58	0.223868
158.489	0.223601
159.404	0.223336
160.325	0.223074
161.25	0.222813
162.181	0.222556
163.117	0.2223
164.059	0.222047
165.006	0.221796
165.959	0.221547
166.917	0.221301
167.88	0.221057
168.85	0.220815
169.824	0.220576
170.805	0.220338
171.791	0.220103
172.783	0.21987
173.78	0.21964
174.783	0.219411
175.792	0.219185
176.807	0.218961
177.828	0.218739
178.855	0.218519
179.887	0.218302
180.926	0.218086
181.97	0.217873
183.021	0.217661
184.077	0.217452
185.14	0.217245
186.209	0.21704
187.284	0.216837
188.365	0.216636
189.452	0.216437
190.546	0.216241
191.646	0.216046
192.752	0.215853
193.865	0.215662
194.984	0.215474
196.11	0.215287
197.242	0.215102
198.381	0.214919
199.526	0.214738
200.678	0.214559
201.837	0.214382
203.002	0.214207
204.174	0.214034
205.353	0.213863
206.538	0.213693
207.73	0.213526
208.93	0.21336
210.136	0.213197
211.349	0.213035
212.569	0.212875
213.796	0.212717
215.03	0.21256
216.272	0.212406
217.52	0.212253
218.776	0.212102
220.039	0.211953
221.309	0.211806
222.587	0.21166
223.872	0.211516
225.165	0.211374
226.464	0.211234
227.772	0.211095
229.087	0.210959
230.409	0.210824
231.739	0.21069
233.077	0.210558
234.423	0.210428
235.776	0.2103
237.137	0.210173
238.506	0.210048
239.883	0.209925
241.268	0.209803
242.661	0.209683
244.062	0.209565
245.471	0.209448
246.888	0.209333
248.313	0.209219
249.747	0.209107
251.189	0.208997
252.639	0.208888
254.097	0.208781
255.564	0.208675
257.04	0.208571
258.523	0.208468
260.016	0.208367
261.517	0.208268
263.027	0.20817
264.545	0.208073
266.073	0.207978
267.609	0.207884
269.153	0.207792
270.707	0.207702
272.27	0.207613
273.842	0.207525
275.423	0.207439
277.013	0.207354
278.612	0.207271
280.221	0.207189
281.838	0.207108
283.465	0.207029
285.102	0.206952
286.748	0.206875
288.403	0.2068
290.068	0.206727
291.743	0.206655
293.427	0.206584
295.121	0.206515
296.825	0.206446
298.538	0.20638
300.262	0.206314
301.995	0.20625
303.739	0.206187
305.492	0.206126
307.256	0.206066
309.03	0.206007
310.814	0.205949
312.608	0.205893
314.413	0.205838
316.228	0.205784
318.053	0.205732
319.89	0.205681
321.736	0.205631
323.594	0.205582
325.462	0.205534
327.341	0.205488
329.23	0.205443
331.131	0.205399
333.043	0.205356
334.965	0.205315
336.899	0.205275
338.844	0.205235
340.8	0.205197
342.768	0.205161
344.747	0.205125
346.737	0.20509
348.739	0.205057
350.752	0.205025
352.777	0.204994
354.813	0.204964
356.862	0.204935
358.922	0.204907
360.994	0.20488
363.078	0.204855
365.174	0.20483
367.282	0.204807
369.403	0.204785
371.535	0.204763
373.68	0.204743
375.837	0.204724
378.007	0.204706
380.189	0.204689
382.384	0.204673
384.592	0.204658
386.812	0.204644
389.045	0.204631
391.291	0.204619
393.55	0.204608
395.822	0.204598
398.107	0.204589
400.405	0.204581
402.717	0.204574
405.042	0.204568
407.38	0.204563
409.732	0.204559
412.098	0.204555
414.477	0.204553
416.869	0.204552
419.276	0.204551
421.697	0.204552
424.131	0.204553
426.58	0.204556
429.042	0.204559
431.519	0.204563
434.01	0.204568
436.516	0.204574
439.036	0.204581
441.57	0.204589
444.12	0.204598
446.684	0.204607
449.262	0.204617
451.856	0.204629
454.465	0.204641
457.088	0.204654
459.727	0.204667
462.381	0.204682
465.05	0.204697
467.735	0.204713
470.435	0.20473
473.151	0.204748
475.883	0.204767
478.63	0.204786
481.393	0.204807
484.172	0.204828
486.968	0.204849
489.779	0.204872
492.606	0.204895
495.45	0.204919
498.31	0.204944
501.187	0.20497
504.081	0.204996
506.991	0.205023
509.918	0.205051
512.861	0.20508
515.822	0.205109
518.8	0.205139
521.795	0.20517
524.807	0.205201
527.837	0.205233
530.884	0.205266
533.949	0.2053
537.032	0.205334
540.132	0.205369
543.25	0.205404
546.387	0.205441
549.541	0.205478
552.713	0.205515
555.904	0.205553
559.114	0.205592
562.341	0.205632
565.588	0.205672
568.853	0.205713
572.137	0.205754
575.44	0.205797
578.762	0.205839
582.103	0.205883
585.464	0.205927
588.844	0.205971
592.243	0.206017
595.662	0.206062
599.101	0.206109
602.56	0.206156
606.038	0.206203
609.537	0.206252
613.056	0.2063
616.595	0.20635
620.155	0.2064
623.735	0.20645
627.336	0.206501
630.957	0.206553
634.6	0.206605
638.263	0.206658
641.948	0.206711
645.654	0.206765
649.382	0.206819
653.131	0.206874
656.901	0.206929
660.693	0.206985
664.508	0.207042
668.344	0.207099
672.202	0.207156
676.083	0.207214
679.986	0.207272
683.912	0.207331
687.86	0.207391
691.831	0.207451
695.825	0.207511
699.842	0.207572
703.882	0.207633
707.946	0.207695
712.033	0.207758
716.143	0.20782
720.278	0.207884
724.436	0.207947
728.618	0.208012
732.825	0.208076
737.055	0.208141
741.31	0.208207
745.59	0.208273
749.894	0.208339
754.223	0.208406
758.578	0.208473
762.957	0.208541
767.361	0.208609
771.792	0.208677
776.247	0.208746
780.728	0.208816
785.236	0.208885
789.769	0.208956
794.328	0.209026
798.914	0.209097
803.526	0.209168
808.165	0.20924
812.831	0.209312
817.523	0.209385
822.243	0.209457
826.99	0.209531
831.764	0.209604
836.566	0.209678
841.395	0.209752
846.253	0.209827
851.138	0.209902
856.052	0.209978
860.994	0.210053
865.964	0.210129
870.964	0.210206
875.992	0.210283
881.049	0.21036
886.135	0.210437
891.251	0.210515
896.396	0.210593
901.571	0.210671
906.776	0.21075
912.011	0.210829
917.276	0.210909
922.571	0.210988
927.897	0.211068
933.254	0.211149
938.642	0.211229
944.061	0.21131
949.511	0.211391
954.993	0.211473
960.506	0.211555
966.051	0.211637
971.628	0.211719
977.237	0.211802
982.879	0.211885
988.553	0.211968
994.26	0.212051
1000	0.212135
1005.77	0.212219
1011.58	0.212303
1017.42	0.212388
1023.29	0.212473
1029.2	0.212558
1035.14	0.212643
1041.12	0.212729
1047.13	0.212815
1053.17	0.212901
1059.25	0.212987
1065.37	0.213073
1071.52	0.21316
1077.71	0.213247
1083.93	0.213335
1090.18	0.213422
1096.48	0.21351
1102.81	0.213598
1109.17	0.213686
1115.58	0.213774
1122.02	0.213863
1128.5	0.213952
1135.01	0.214041
1141.56	0.21413
1148.15	0.214219
1154.78	0.214309
1161.45	0.214399
1168.15	0.214489
1174.9	0.214579
1181.68	0.21467
1188.5	0.21476
1195.36	0.214851
1202.26	0.214942
1209.21	0.215034
1216.19	0.215125
1223.21	0.215217
1230.27	0.215308
1237.37	0.2154
1244.51	0.215493
1251.7	0.215585
1258.93	0.215677
1266.19	0.21577
1273.5	0.215863
1280.86	0.215956
1288.25	0.216049
1295.69	0.216142
1303.17	0.216236
1310.69	0.216329
1318.26	0.216423
1325.87	0.216517
1333.52	0.216611
1341.22	0.216706
1348.96	0.2168
1356.75	0.216895
1364.58	0.216989
1372.46	0.217084
1380.38	0.217179
1388.35	0.217274
1396.37	0.217369
1404.43	0.217465
1412.54	0.21756
1420.69	0.217656
1428.89	0.217752
1437.14	0.217848
1445.44	0.217944
1453.78	0.21804
1462.18	0.218136
1470.62	0.218233
1479.11	0.218329
1487.65	0.218426
1496.24	0.218522
1504.87	0.218619
1513.56	0.218716
1522.3	0.218813
1531.09	0.21891
1539.93	0.219008
1548.82	0.219105
1557.76	0.219203
1566.75	0.2193
1575.8	0.219398
1584.89	0.219496
1594.04	0.219594
1603.25	0.219692
1612.5	0.21979
1621.81	0.219888
1631.17	0.219986
1640.59	0.220085
1650.06	0.220183
1659.59	0.220281
1669.17	0.22038
1678.8	0.220479
1688.5	0.220578
1698.24	0.220676
1708.05	0.220775
1717.91	0.220874
1727.83	0.220973
1737.8	0.221073
1747.83	0.221172
1757.92	0.221271
1768.07	0.22137
1778.28	0.22147
1788.55	0.221569
1798.87	0.221669
1809.26	0.221769
1819.7	0.221868
1830.21	0.221968
1840.77	0.222068
1851.4	0.222168
1862.09	0.222268
1872.84	0.222368
1883.65	0.222468
1894.52	0.222568
1905.46	0.222668
1916.46	0.222768
1927.52	0.222868
1938.65	0.222969
1949.84	0.223069
1961.1	0.223169
1972.42	0.22327
1983.81	0.22337
1995.26	0.223471
2006.78	0.223571
2018.37	0.223672
2030.02	0.223773
2041.74	0.223873
2053.53	0.223974
2065.38	0.224075
2077.3	0.224175
2089.3	0.224276
2101.36	0.224377
2113.49	0.224478
2125.69	0.224579
2137.96	0.22468
2150.3	0.224781
2162.72	0.224882
2175.2	0.224983
2187.76	0.225084
2200.39	0.225185
2213.09	0.225286
2225.87	0.225387
2238.72	0.225488
2251.65	0.225589
2264.64	0.22569
2277.72	0.225792
2290.87	0.225893
2304.09	0.225994
2317.39	0.226095
2330.77	0.226196
2344.23	0.226298
2357.76	0.226399
2371.37	0.2265
2385.06	0.226602
2398.83	0.226703
2412.68	0.226804
2426.61	0.226905
2440.62	0.227007
2454.71	0.227108
2468.88	0.227209
2483.13	0.227311
2497.47	0.227412
2511.89	0.227513
2526.39	0.227615
2540.97	0.227716
2555.64	0.227817
2570.4	0.227919
2585.23	0.22802
2600.16	0.228121
2615.17	0.228223
2630.27	0.228324
2645.45	0.228425
2660.73	0.228526
2676.09	0.228628
2691.53	0.228729
2707.07	0.22883
2722.7	0.228931
2738.42	0.229033
2754.23	0.229134
2770.13	0.229235
2786.12	0.229336
2802.21	0.229438
2818.38	0.229539
2834.65	0.22964
2851.02	0.229741
2867.48	0.229842
2884.03	0.229943
2900.68	0.230044
2917.43	0.230145
2934.27	0.230246
2951.21	0.230347
2968.25	0.230448
2985.38	0.230549
3002.62	0.23065
3019.95	0.230751
3037.39	0.230852
3054.92	0.230953
3072.56	0.231054
3090.3	0.231155
3108.14	0.231256
3126.08	0.231356
3144.13	0.231457
3162.28	0.231558
3180.53	0.231659
3198.9	0.231759
3217.36	0.23186
3235.94	0.231961
3254.62	0.232061
3273.41	0.232162
3292.3	0.232262
3311.31	0.232363
3330.43	0.232463
3349.65	0.232564
3368.99	0.232664
3388.44	0.232764
3408	0.232865
3427.68	0.232965
3447.47	0.233065
3467.37	0.233165
3487.39	0.233265
3507.52	0.233366
3527.77	0.233466
3548.13	0.233566
3568.62	0.233666
3589.22	0.233766
3609.94	0.233866
3630.78	0.233965
3651.74	0.234065
3672.82	0.234165
3694.03	0.234265
3715.35	0.234364
3736.8	0.234464
3758.37	0.234564
3780.07	0.234663
3801.89	0.234763
3823.84	0.234862
3845.92	0.234962
3868.12	0.235061
3890.45	0.23516
3912.91	0.23526
3935.5	0.235359
3958.22	0.235458
3981.07	0.235557
4004.05	0.235656
4027.17	0.235755
4050.42	0.235854
4073.8	0.235953
4097.32	0.236052
4120.98	0.236151
4144.77	0.23625
4168.69	0.236348
4192.76	0.236447
4216.97	0.236546
4241.31	0.236644
4265.8	0.236743
4290.42	0.236841
4315.19	0.236939
4340.1	0.237038
4365.16	0.237136
4390.36	0.237234
4415.7	0.237332
4441.2	0.23743
4466.84	0.237528
4492.62	0.237626
4518.56	0.237724
4544.65	0.237822
4570.88	0.23792
4597.27	0.238018
4623.81	0.238115
4650.5	0.238213
4677.35	0.238311
4704.35	0.238408
4731.51	0.238506
4758.83	0.238603
4786.3	0.2387
4813.93	0.238797
4841.72	0.238895
4869.68	0.238992
4897.79	0.239089
4926.06	0.239186
4954.5	0.239283
4983.1	0.23938
5011.87	0.239476
5040.81	0.239573
5069.91	0.23967
5099.18	0.239766
5128.61	0.239863
5158.22	0.239959
5188	0.240056
5217.95	0.240152
5248.07	0.240248
5278.37	0.240344
5308.84	0.240441
5339.49	0.240537
5370.32	0.240633
5401.32	0.240728
5432.5	0.240824
5463.87	0.24092
5495.41	0.241016
5527.13	0.241111
5559.04	0.241207
5591.14	0.241302
5623.41	0.241398
5655.88	0.241493
5688.53	0.241588
5721.37	0.241684
5754.4	0.241779
5787.62	0.241874
5821.03	0.241969
5854.64	0.242064
5888.44	0.242158
5922.43	0.242253
5956.62	0.242348
5991.01	0.242443
6025.6	0.242537
6060.38	0.242631
6095.37	0.242726
6130.56	0.24282
6165.95	0.242914
6201.55	0.243009
6237.35	0.243103
6273.36	0.243197
6309.57	0.243291
6346	0.243384
6382.63	0.243478
6419.48	0.243572
6456.54	0.243665
6493.82	0.243759
6531.31	0.243852
6569.01	0.243946
6606.93	0.244039
6645.08	0.244132
6683.44	0.244226
6722.02	0.244319
6760.83	0.244412
6799.86	0.244504
6839.12	0.244597
6878.6	0.24469
6918.31	0.244783
6958.25	0.244875
6998.42	0.244968
7038.82	0.24506
7079.46	0.245153
7120.33	0.245245
7161.43	0.245337
7202.78	0.245429
7244.36	0.245521
7286.18	0.245613
7328.25	0.245705
7370.55	0.245797
7413.1	0.245888
7455.9	0.24598
7498.94	0.246071
7542.23	0.246163
7585.78	0.246254
7629.57	0.246346
7673.61	0.246437
7717.92	0.246528
7762.47	0.246619
7807.28	0.24671
7852.36	0.246801
7897.69	0.246891
7943.28	0.246982
7989.14	0.247073
8035.26	0.247163
8081.65	0.247254
8128.31	0.247344
8175.23	0.247434
8222.43	0.247524
8269.9	0.247615
8317.64	0.247705
8365.66	0.247794
8413.95	0.247884
8462.53	0.247974
8511.38	0.248064
8560.52	0.248153
8609.94	0.248243
8659.64	0.248332
8709.64	0.248421
8759.92	0.248511
8810.49	0.2486
8861.35	0.248689
8912.51	0.248778
8963.96	0.248867
9015.71	0.248956
9067.76	0.249044
9120.11	0.249133
9172.76	0.249221
9225.71	0.24931
9278.97	0.249398
9332.54	0.249486
9386.42	0.249575
9440.61	0.249663
9495.11	0.249751
9549.93	0.249839
9605.06	0.249926
9660.51	0.250014
9716.28	0.250102
9772.37	0.250189
9828.79	0.250277
9885.53	0.250364
9942.6	0.250452
10000	0.250539
10057.7	0.250626
10115.8	0.250713
10174.2	0.2508
10232.9	0.250887
10292	0.250973
10351.4	0.25106
10411.2	0.251147
10471.3	0.251233
10531.7	0.25132
10592.5	0.251406
10653.7	0.251492
10715.2	0.251578
10777.1	0.251664
10839.3	0.25175
10901.8	0.251836
10964.8	0.251922
11028.1	0.252007
11091.7	0.252093
11155.8	0.252179
11220.2	0.252264
11285	0.252349
11350.1	0.252434
11415.6	0.25252
11481.5	0.252605
11547.8	0.25269
11614.5	0.252774
11681.5	0.252859
11749	0.252944
11816.8	0.253028
11885	0.253113
11953.6	0.253197
12022.6	0.253282
12092.1	0.253366
12161.9	0.25345
12232.1	0.253534
12302.7	0.253618
12373.7	0.253702
12445.1	0.253786
12517	0.253869
12589.3	0.253953
12661.9	0.254036
12735	0.25412
12808.6	0.254203
12882.5	0.254286
12956.9	0.254369
13031.7	0.254452
13106.9	0.254535
13182.6	0.254618
13258.7	0.254701
13335.2	0.254784
13412.2	0.254866
13489.6	0.254949
13567.5	0.255031
13645.8	0.255113
13724.6	0.255196
13803.8	0.255278
13883.5	0.25536
13963.7	0.255442
14044.3	0.255524
14125.4	0.255605
14206.9	0.255687
14288.9	0.255768
14371.4	0.25585
14454.4	0.255931
14537.8	0.256013
14621.8	0.256094
14706.2	0.256175
14791.1	0.256256
14876.5	0.256337
14962.4	0.256418
15048.7	0.256498
15135.6	0.256579
15223	0.25666
15310.9	0.25674
15399.3	0.256821
15488.2	0.256901
15577.6	0.256981
15667.5	0.257061
15758	0.257141
15848.9	0.257221
15940.4	0.257301
16032.5	0.257381
16125	0.25746
16218.1	0.25754
16311.7	0.257619
16405.9	0.257699
16500.6	0.257778
16595.9	0.257857
16691.7	0.257936
16788	0.258015
16885	0.258094
16982.4	0.258173
17080.5	0.258252
17179.1	0.25833
17278.3	0.258409
17378	0.258487
17478.3	0.258566
17579.2	0.258644
17680.7	0.258722
17782.8	0.2588
17885.5	0.258878
17988.7	0.258956
18092.6	0.259034
18197	0.259112
18302.1	0.25919
18407.7	0.259267
18514	0.259345
18620.9	0.259422
18728.4	0.259499
18836.5	0.259576
18945.2	0.259654
19054.6	0.259731
19164.6	0.259808
19275.2	0.259884
19386.5	0.259961
19498.4	0.260038
19611	0.260114
19724.2	0.260191
19838.1	0.260267
19952.6	0.260344
20067.8	0.26042
20183.7	0.260496
20300.2	0.260572
20417.4	0.260648
20535.3	0.260724
20653.8	0.2608
20773	0.260875
20893	0.260951
21013.6	0.261026
21134.9	0.261102
21256.9	0.261177
21379.6	0.261253
21503	0.261328
21627.2	0.261403
21752	0.261478
21877.6	0.261553
22003.9	0.261628
22130.9	0.261702
22258.7	0.261777
22387.2	0.261851
22516.5	0.261926
22646.4	0.262
22777.2	0.262075
22908.7	0.262149
23040.9	0.262223
23173.9	0.262297
23307.7	0.262371
23442.3	0.262445
23577.6	0.262519
23713.7	0.262592
23850.6	0.262666
23988.3	0.26274
24126.8	0.262813
24266.1	0.262886
24406.2	0.26296
24547.1	0.263033
24688.8	0.263106
24831.3	0.263179
24974.7	0.263252
25118.9	0.263325
25263.9	0.263398
25409.7	0.26347
25556.4	0.263543
25704	0.263615
25852.3	0.263688
26001.6	0.26376
26151.7	0.263832
26302.7	0.263905
26454.5	0.263977
26607.3	0.264049
26760.9	0.264121
26915.3	0.264193
27070.7	0.264264
27227	0.264336
27384.2	0.264408
27542.3	0.264479
27701.3	0.264551
27861.2	0.264622
28022.1	0.264693
28183.8	0.264764
28346.5	0.264836
28510.2	0.264907
28674.8	0.264978
28840.3	0.265049
29006.8	0.265119
29174.3	0.26519
29342.7	0.265261
29512.1	0.265331
29682.5	0.265402
29853.8	0.265472
30026.2	0.265542
30199.5	0.265613
30373.9	0.265683
30549.2	0.265753
30725.6	0.265823
30903	0.265893
31081.4	0.265963
31260.8	0.266033
31441.3	0.266102
31622.8	0.266172
31805.3	0.266241
31989	0.266311
32173.6	0.26638
32359.4	0.26645
32546.2	0.266519
32734.1	0.266588
32923	0.266657
33113.1	0.266726
33304.3	0.266795
33496.5	0.266864
33689.9	0.266933
33884.4	0.267001
34080	0.26707
34276.8	0.267139
34474.7	0.267207
34673.7	0.267275
34873.9	0.267344
35075.2	0.267412
35277.7	0.26748
35481.3	0.267548
35686.2	0.267616
35892.2	0.267684
36099.4	0.267752
36307.8	0.26782
36517.4	0.267888
36728.2	0.267955
36940.3	0.268023
37153.5	0.268091
37368	0.268158
37583.7	0.268225
37800.7	0.268293
38018.9	0.26836
38238.4	0.268427
38459.2	0.268494
38681.2	0.268561
38904.5	0.268628
39129.1	0.268695
39355	0.268762
39582.2	0.268829
39810.7	0.268895
40040.5	0.268962
40271.7	0.269028
40504.2	0.269095
40738	0.269161
40973.2	0.269228
41209.8	0.269294
41447.7	0.26936
41686.9	0.269426
41927.6	0.269492
42169.7	0.269558
42413.1	0.269624
42658	0.26969
42904.2	0.269756
43151.9	0.269821
43401	0.269887
43651.6	0.269953
43903.6	0.270018
44157	0.270084
44412	0.270149
44668.4	0.270214
44926.2	0.27028
45185.6	0.270345
45446.5	0.27041
45708.8	0.270475
45972.7	0.27054
46238.1	0.270605
46505	0.27067
46773.5	0.270734
47043.5	0.270799
47315.1	0.270864
47588.3	0.270928
47863	0.270993
48139.3	0.271058
48417.2	0.271122
48696.8	0.271186
48977.9	0.271251
49260.6	0.271315
49545	0.271379
49831	0.271443
50118.7	0.271507
50408.1	0.271571
50699.1	0.271635
50991.8	0.271699
51286.1	0.271763
51582.2	0.271826
51880	0.27189
52179.5	0.271954
52480.7	0.272017
52783.7	0.272081
53088.4	0.272144
53394.9	0.272208
53703.2	0.272271
54013.2	0.272334
54325	0.272397
54638.7	0.272461
54954.1	0.272524
55271.3	0.272587
55590.4	0.27265
55911.4	0.272713
56234.1	0.272775
56558.8	0.272838
56885.3	0.272901
57213.7	0.272964
57544	0.273026
57876.2	0.273089
58210.3	0.273151
58546.4	0.273214
58884.4	0.273276
59224.3	0.273339
59566.2	0.273401
59910.1	0.273463
60256	0.273525
60603.8	0.273588
60953.7	0.27365
61305.6	0.273712
61659.5	0.273774
62015.5	0.273836
62373.5	0.273897
62733.6	0.273959
63095.7	0.274021
63460	0.274083
63826.3	0.274144
64194.8	0.274206
64565.4	0.274267
64938.2	0.274329
65313.1	0.27439
65690.1	0.274452
66069.3	0.274513
66450.8	0.274574
66834.4	0.274636
67220.2	0.274697
67608.3	0.274758
67998.6	0.274819
68391.2	0.27488
68786	0.274941
69183.1	0.275002
69582.5	0.275063
69984.2	0.275124
70388.2	0.275185
70794.6	0.275245
71203.3	0.275306
71614.3	0.275367
72027.8	0.275427
72443.6	0.275488
72861.8	0.275548
73282.5	0.275609
73705.5	0.275669
74131	0.27573
74559	0.27579
74989.4	0.27585
75422.3	0.27591
75857.8	0.275971
76295.7	0.276031
76736.1	0.276091
77179.2	0.276151
77624.7	0.276211
78072.8	0.276271
78523.6	0.276331
78976.9	0.276391
79432.8	0.27645
79891.4	0.27651
80352.6	0.27657
80816.5	0.27663
81283.1	0.276689
81752.3	0.276749
82224.3	0.276808
82699	0.276868
83176.4	0.276927
83656.6	0.276987
84139.5	0.277046
84625.3	0.277105
85113.8	0.277165
85605.2	0.277224
86099.4	0.277283
86596.4	0.277342
87096.4	0.277401
87599.2	0.277461
88104.9	0.27752
88613.5	0.277579
89125.1	0.277638
89639.6	0.277696
90157.1	0.277755
90677.6	0.277814
91201.1	0.277873
91727.6	0.277932
92257.1	0.27799
92789.7	0.278049
93325.4	0.278108
93864.2	0.278166
94406.1	0.278225
94951.1	0.278283
95499.3	0.278342
96050.6	0.2784
96605.1	0.278459
97162.8	0.278517
97723.7	0.278575
98287.9	0.278634
98855.3	0.278692
99426	0.27875
100000	0.278808
100577	0.278866
101158	0.278924
101742	0.278982
102329	0.27904
102920	0.279098
103514	0.279156
104112	0.279214
104713	0.279272
105317	0.27933
105925	0.279388
106537	0.279445
107152	0.279503
107771	0.279561
108393	0.279618
109018	0.279676
109648	0.279734
110281	0.279791
110917	0.279849
111558	0.279906
112202	0.279963
112850	0.280021
113501	0.280078
114156	0.280136
114815	0.280193
115478	0.28025
116145	0.280307
116815	0.280364
117490	0.280422
118168	0.280479
118850	0.280536
119536	0.280593
120226	0.28065
120921	0.280707
121619	0.280764
122321	0.280821
123027	0.280878
123737	0.280934
124451	0.280991
125170	0.281048
125893	0.281105
126619	0.281161
127350	0.281218
128086	0.281275
128825	0.281331
129569	0.281388
130317	0.281445
131069	0.281501
131826	0.281558
132587	0.281614
133352	0.28167
134122	0.281727
134896	0.281783
135675	0.28184
136458	0.281896
137246	0.281952
138038	0.282008
138835	0.282065
139637	0.282121
140443	0.282177
141254	0.282233
142069	0.282289
142889	0.282345
143714	0.282401
144544	0.282457
145378	0.282513
146218	0.282569
147062	0.282625
147911	0.282681
148765	0.282737
149624	0.282793
150487	0.282848
151356	0.282904
152230	0.28296
153109	0.283016
153993	0.283071
154882	0.283127
155776	0.283183
156675	0.283238
157580	0.283294
158489	0.283349
159404	0.283405
160325	0.28346
161250	0.283516
162181	0.283571
163117	0.283627
164059	0.283682
165006	0.283737
165959	0.283793
166917	0.283848
167880	0.283903
168850	0.283959
169824	0.284014
170805	0.284069
171791	0.284124
172783	0.284179
173780	0.284234
174783	0.28429
175792	0.284345
176807	0.2844
177828	0.284455
178855	0.28451
179887	0.284565
180926	0.28462
181970	0.284674
183021	0.284729
184077	0.284784
185140	0.284839
186209	0.284894
187284	0.284949
188365	0.285004
189452	0.285058
190546	0.285113
191646	0.285168
192752	0.285222
193865	0.285277
194984	0.285332
196110	0.285386
197242	0.285441
198381	0.285495
199526	0.28555
200678	0.285605
201837	0.285659
203002	0.285714
204174	0.285768
205353	0.285822
206538	0.285877
207730	0.285931
208930	0.285986
210136	0.28604
211349	0.286094
212569	0.286149
213796	0.286203
215030	0.286257
216272	0.286311
217520	0.286366
218776	0.28642
220039	0.286474
221309	0.286528
222587	0.286582
223872	0.286636
225165	0.28669
226464	0.286744
227772	0.286799
229087	0.286853
230409	0.286907
231739	0.286961
233077	0.287015
234423	0.287068
235776	0.287122
237137	0.287176
238506	0.28723
239883	0.287284
241268	0.287338
242661	0.287392
244062	0.287446
245471	0.287499
246888	0.287553
248313	0.287607
249747	0.287661
251189	0.287714
252639	0.287768
254097	0.287822
255564	0.287875
257040	0.287929
258523	0.287983
260016	0.288036
261517	0.28809
263027	0.288143
264545	0.288197
266073	0.288251
267609	0.288304
269153	0.288358
270707	0.288411
272270	0.288464
273842	0.288518
275423	0.288571
277013	0.288625
278612	0.288678
280221	0.288732
281838	0.288785
283465	0.288838
285102	0.288892
286748	0.288945
288403	0.288998
290068	0.289051
291743	0.289105
293427	0.289158
295121	0.289211
296825	0.289264
298538	0.289318
300262	0.289371
301995	0.289424
303739	0.289477
305492	0.28953
307256	0.289583
309030	0.289636
310814	0.289689
312608	0.289743
314413	0.289796
316228	0.289849
318053	0.289902
319890	0.289955
321736	0.290008
323594	0.290061
325462	0.290114
327341	0.290167
329230	0.290219
331131	0.290272
333043	0.290325
334965	0.290378
336899	0.290431
338844	0.290484
340800	0.290537
342768	0.29059
344747	0.290642
346737	0.290695
348739	0.290748
350752	0.290801
352777	0.290854
354813	0.290906
356862	0.290959
358922	0.291012
360994	0.291064
363078	0.291117
365174	0.29117
367282	0.291222
369403	0.291275
371535	0.291328
373680	0.29138
375837	0.291433
378007	0.291486
380189	0.291538
382384	0.291591
384592	0.291643
386812	0.291696
389045	0.291748
391291	0.291801
393550	0.291853
395822	0.291906
398107	0.291958
400405	0.292011
402717	0.292063
405042	0.292116
407380	0.292168
409732	0.292221
412098	0.292273
414477	0.292325
416869	0.292378
419276	0.29243
421697	0.292482
424131	0.292535
426580	0.292587
429042	0.292639
431519	0.292692
434010	0.292744
436516	0.292796
439036	0.292849
441570	0.292901
444120	0.292953
446684	0.293005
449262	0.293058
451856	0.29311
454465	0.293162
457088	0.293214
459727	0.293266
462381	0.293319
465050	0.293371
467735	0.293423
470435	0.293475
473151	0.293527
475883	0.293579
478630	0.293631
481393	0.293684
484172	0.293736
486968	0.293788
489779	0.29384
492606	0.293892
495450	0.293944
498310	0.293996
501187	0.294048
504081	0.2941
506991	0.294152
509918	0.294204
512861	0.294256
515822	0.294308
518800	0.29436
521795	0.294412
524807	0.294464
527837	0.294516
530884	0.294568
533949	0.29462
537032	0.294672
540132	0.294723
543250	0.294775
546387	0.294827
549541	0.294879
552713	0.294931
555904	0.294983
559114	0.295035
562341	0.295086
565588	0.295138
568853	0.29519
572137	0.295242
575440	0.295294
578762	0.295346
582103	0.295397
585464	0.295449
588844	0.295501
592243	0.295553
595662	0.295604
599101	0.295656
602560	0.295708
606038	0.29576
609537	0.295811
613056	0.295863
616595	0.295915
620155	0.295966
623735	0.296018
627336	0.29607
630957	0.296121
634600	0.296173
638263	0.296225
641948	0.296276
645654	0.296328
649382	0.29638
653131	0.296431
656901	0.296483
660693	0.296534
664508	0.296586
668344	0.296638
672202	0.296689
676083	0.296741
679986	0.296792
683912	0.296844
687860	0.296895
691831	0.296947
695825	0.296998
699842	0.29705
703882	0.297102
707946	0.297153
712033	0.297205
716143	0.297256
720278	0.297308
724436	0.297359
728618	0.29741
732825	0.297462
737055	0.297513
741310	0.297565
745590	0.297616
749894	0.297668
754223	0.297719
758578	0.297771
762957	0.297822
767361	0.297873
771792	0.297925
776247	0.297976
780728	0.298028
785236	0.298079
789769	0.29813
794328	0.298182
798914	0.298233
803526	0.298284
808165	0.298336
812831	0.298387
817523	0.298438
822243	0.29849
826990	0.298541
831764	0.298592
836566	0.298644
841395	0.298695
846253	0.298746
851138	0.298798
856052	0.298849
860994	0.2989
865964	0.298952
870964	0.299003
875992	0.299054
881049	0.299105
886135	0.299157
891251	0.299208
896396	0.299259
901571	0.29931
906776	0.299362
912011	0.299413
917276	0.299464
922571	0.299515
927897	0.299566
933254	0.299618
938642	0.299669
944061	0.29972
949511	0.299771
954993	0.299822
960506	0.299873
966051	0.299925
971628	0.299976
977237	0.300027
982879	0.300078
988553	0.300129
994260	0.30018
1e+06	0.300232
1.00577e+06	0.300283
1.01158e+06	0.300334
1.01742e+06	0.300385
1.02329e+06	0.300436
1.0292e+06	0.300487
1.03514e+06	0.300538
1.04112e+06	0.300589
1.04713e+06	0.30064
1.05317e+06	0.300692
1.05925e+06	0.300743
1.06537e+06	0.300794
1.07152e+06	0.300845
1.07771e+06	0.300896
1.08393e+06	0.300904
1.09018e+06	0.300904
1.09648e+06	0.300904
1.10281e+06	0.300904
1.10917e+06	0.300904
1.11558e+06	0.300904
1.12202e+06	0.300904
1.1285e+06	0.300904
1.13501e+06	0.300904
1.14156e+06	0.300904
1.14815e+06	0.300904
1.15478e+06	0.300904
1.16145e+06	0.300904
1.16815e+06	0.300904
1.1749e+06	0.300904
1.18168e+06	0.300904
1.1885e+06	0.300904
1.19536e+06	0.300904
1.20226e+06	0.300904
1.20921e+06	0.300904
1.21619e+06	0.300904
1.22321e+06	0.300904
1.23027e+06	0.300904
1.23737e+06	0.300904
1.24451e+06	0.300904
1.2517e+06	0.300904
1.25893e+06	0.300904
1.26619e+06	0.300904
1.2735e+06	0.300904
1.28086e+06	0.300904
1.28825e+06	0.300904
1.29569e+06	0.300904
1.30317e+06	0.300904
1.31069e+06	0.300904
1.31826e+06	0.300904
1.32587e+06	0.300904
1.33352e+06	0.300904
1.34122e+06	0.300904
1.34896e+06	0.300904
1.35675e+06	0.300904
1.36458e+06	0.300904
1.37246e+06	0.300904
1.38038e+06	0.300904
1.38835e+06	0.300904
1.39637e+06	0.300904
1.40443e+06	0.300904
1.41254e+06	0.300904
1.42069e+06	0.300904
1.42889e+06	0.300904
1.43714e+06	0.300904
1.44544e+06	0.300904
1.45378e+06	0.300904
1.46218e+06	0.300904
1.47062e+06	0.300904
1.47911e+06	0.300904
1.48765e+06	0.300904
1.49624e+06	0.300904
1.50487e+06	0.300904
1.51356e+06	0.300904
1.5223e+06	0.300904
1.53109e+06	0.300904
1.53993e+06	0.300904
1.54882e+06	0.300904
1.55776e+06	0.300904
1.56675e+06	0.300904
1.5758e+06	0.300904
1.58489e+06	0.300904
1.59404e+06	0.300904
1.60325e+06	0.300904
1.6125e+06	0.300904
1.62181e+06	0.300904
1.63117e+06	0.300904
1.64059e+06	0.300904
1.65006e+06	0.300904
1.65959e+06	0.300904
1.66917e+06	0.300904
1.6788e+06	0.300904
1.6885e+06	0.300904
1.69824e+06	0.300904
1.70805e+06	0.300904
1.71791e+06	0.300904
1.72783e+06	0.300904
1.7378e+06	0.300904
1.74783e+06	0.300904
1.75792e+06	0.300904
1.76807e+06	0.300904
1.77828e+06	0.300904
1.78855e+06	0.300904
1.79887e+06	0.300904
1.80926e+06	0.300904
1.8197e+06	0.300904
1.83021e+06	0.300904
1.84077e+06	0.300904
1.8514e+06	0.300904
1.86209e+06	0.300904
1.87284e+06	0.300904
1.88365e+06	0.300904
1.89452e+06	0.300904
1.90546e+06	0.300904
1.91646e+06	0.300904
1.92752e+06	0.300904
1.93865e+06	0.300904
1.94984e+06	0.300904
1.9611e+06	0.300904
1.97242e+06	0.300904
1.98381e+06	0.300904
1.99526e+06	0.300904
2.00678e+06	0.300904
2.01837e+06	0.300904
2.03002e+06	0.300904
2.04174e+06	0.300904
2.05353e+06	0.300904
2.06538e+06	0.300904
2.0773e+06	0.300904
2.0893e+06	0.300904
2.10136e+06	0.300904
2.11349e+06	0.300904
2.12569e+06	0.300904
2.13796e+06	0.300904
2.1503e+06	0.300904
2.16272e+06	0.300904
2.1752e+06	0.300904
2.18776e+06	0.300904
2.20039e+06	0.300904
2.21309e+06	0.300904
2.22587e+06	0.300904
2.23872e+06	0.300904
2.25165e+06	0.300904
2.26464e+06	0.300904
2.27772e+06	0.300904
2.29087e+06	0.300904
2.30409e+06	0.300904
2.31739e+06	0.300904
2.33077e+06	0.300904
2.34423e+06	0.300904
2.35776e+06	0.300904
2.37137e+06	0.300904
2.38506e+06	0.300904
2.39883e+06	0.300904
2.41268e+06	0.300904
2.42661e+06	0.300904
2.44062e+06	0.300904
2.45471e+06	0.300904
2.46888e+06	0.300904
2.48313e+06	0.300904
2.49747e+06	0.300904
2.51189e+06	0.300904
2.52639e+06	0.300904
2.54097e+06	0.300904
2.55564e+06	0.300904
2.5704e+06	0.300904
2.58523e+06	0.300904
2.60016e+06	0.300904
2.61517e+06	0.300904
2.63027e+06	0.300904
2.64545e+06	0.300904
2.66073e+06	0.300904
2.67609e+06	0.300904
2.69153e+06	0.300904
2.70707e+06	0.300904
2.7227e+06	0.300904
2.73842e+06	0.300904
2.75423e+06	0.300904
2.77013e+06	0.300904
2.78612e+06	0.300904
2.80221e+06	0.300904
2.81838e+06	0.300904
2.83465e+06	0.300904
2.85102e+06	0.300904
2.86748e+06	0.300904
2.88403e+06	0.300904
2.90068e+06	0.300904
2.91743e+06	0.300904
2.93427e+06	0.300904
2.95121e+06	0.300904
2.96825e+06	0.300904
2.98538e+06	0.300904
3.00262e+06	0.300904
3.01995e+06	0.300904
3.03739e+06	0.300904
3.05492e+06	0.300904
3.07256e+06	0.300904
3.0903e+06	0.300904
3.10814e+06	0.300904
3.12608e+06	0.300904
3.14413e+06	0.300904
3.16228e+06	0.300904
3.18053e+06	0.300904
3.1989e+06	0.300904
3.21736e+06	0.300904
3.23594e+06	0.300904
3.25462e+06	0.300904
3.27341e+06	0.300904
3.2923e+06	0.300904
3.31131e+06	0.300904
3.33043e+06	0.300904
3.34965e+06	0.300904
3.36899e+06	0.300904
3.38844e+06	0.300904
3.408e+06	0.300904
3.42768e+06	0.300904
3.44747e+06	0.300904
3.46737e+06	0.300904
3.48739e+06	0.300904
3.50752e+06	0.300904
3.52777e+06	0.300904
3.54813e+06	0.300904
3.56862e+06	0.300904
3.58922e+06	0.300904
3.60994e+06	0.300904
3.63078e+06	0.300904
3.65174e+06	0.300904
3.67282e+06	0.300904
3.69403e+06	0.300904
3.71535e+06	0.300904
3.7368e+06	0.300904
3.75837e+06	0.300904
3.78007e+06	0.300904
3.80189e+06	0.300904
3.82384e+06	0.300904
3.84592e+06	0.300904
3.86812e+06	0.300904
3.89045e+06	0.300904
3.91291e+06	0.300904
3.9355e+06	0.300904
3.95822e+06	0.300904
3.98107e+06	0.300904
4.00405e+06	0.300904
4.02717e+06	0.300904
4.05042e+06	0.300904
4.0738e+06	0.300904
4.09732e+06	0.300904
4.12098e+06	0.300904
4.14477e+06	0.300904
4.16869e+06	0.300904
4.19276e+06	0.300904
4.21697e+06	0.300904
4.24131e+06	0.300904
4.2658e+06	0.300904
4.29042e+06	0.300904
4.31519e+06	0.300904
4.3401e+06	0.300904
4.36516e+06	0.300904
4.39036e+06	0.300904
4.4157e+06	0.300904
4.4412e+06	0.300904
4.46684e+06	0.300904
4.49262e+06	0.300904
4.51856e+06	0.300904
4.54465e+06	0.300904
4.57088e+06	0.300904
4.59727e+06	0.300904
4.62381e+06	0.300904
4.6505e+06	0.300904
4.67735e+06	0.300904
4.70435e+06	0.300904
4.73151e+06	0.300904
4.75883e+06	0.300904
4.7863e+06	0.300904
4.81393e+06	0.300904
4.84172e+06	0.300904
4.86968e+06	0.300904
4.89779e+06	0.300904
4.92606e+06	0.300904
4.9545e+06	0.300904
4.9831e+06	0.300904
5.01187e+06	0.300904
5.04081e+06	0.300904
5.06991e+06	0.300904
5.09918e+06	0.300904
5.12861e+06	0.300904
5.15822e+06	0.300904
5.188e+06	0.300904
5.21795e+06	0.300904
5.24807e+06	0.300904
5.27837e+06	0.300904
5.30884e+06	0.300904
5.33949e+06	0.300904
5.37032e+06	0.300904
5.40132e+06	0.300904
5.4325e+06	0.300904
5.46387e+06	0.300904
5.49541e+06	0.300904
5.52713e+06	0.300904
5.55904e+06	0.300904
5.59114e+06	0.300904
5.62341e+06	0.300904
5.65588e+06	0.300904
5.68853e+06	0.300904
5.72137e+06	0.300904
5.7544e+06	0.300904
5.78762e+06	0.300904
5.82103e+06	0.300904
5.85464e+06	0.300904
5.88844e+06	0.300904
5.92243e+06	0.300904
5.95662e+06	0.300904
5.99101e+06	0.300904
6.0256e+06	0.300904
6.06038e+06	0.300904
6.09537e+06	0.300904
6.13056e+06	0.300904
6.16595e+06	0.300904
6.20155e+06	0.300904
6.23735e+06	0.300904
6.27336e+06	0.300904
6.30957e+06	0.300904
6.346e+06	0.300904
6.38263e+06	0.300904
6.41948e+06	0.300904
6.45654e+06	0.300904
6.49382e+06	0.300904
6.53131e+06	0.300904
6.56901e+06	0.300904
6.60693e+06	0.300904
6.64508e+06	0.300904
6.68344e+06	0.300904
6.72202e+06	0.300904
6.76083e+06	0.300904
6.79986e+06	0.300904
6.83912e+06	0.300904
6.8786e+06	0.300904
6.91831e+06	0.300904
6.95825e+06	0.300904
6.99842e+06	0.300904
7.03882e+06	0.300904
7.07946e+06	0.300904
7.12033e+06	0.300904
7.16143e+06	0.300904
7.20278e+06	0.300904
7.24436e+06	0.300904
7.28618e+06	0.300904
7.32825e+06	0.300904
7.37055e+06	0.300904
7.4131e+06	0.300904
7.4559e+06	0.300904
7.49894e+06	0.300904
7.54223e+06	0.300904
7.58578e+06	0.300904
7.62957e+06	0.300904
7.67361e+06	0.300904
7.71792e+06	0.300904
7.76247e+06	0.300904
7.80728e+06	0.300904
7.85236e+06	0.300904
7.89769e+06	0.300904
7.94328e+06	0.300904
7.98914e+06	0.300904
8.03526e+06	0.300904
8.08165e+06	0.300904
8.12831e+06	0.300904
8.17523e+06	0.300904
8.22243e+06	0.300904
8.2699e+06	0.300904
8.31764e+06	0.300904
8.36566e+06	0.300904
8.41395e+06	0.300904
8.46253e+06	0.300904
8.51138e+06	0.300904
8.56052e+06	0.300904
8.60994e+06	0.300904
8.65964e+06	0.300904
8.70964e+06	0.300904
8.75992e+06	0.300904
8.81049e+06	0.300904
8.86135e+06	0.300904
8.91251e+06	0.300904
8.96396e+06	0.300904
9.01571e+06	0.300904
9.06776e+06	0.300904
9.12011e+06	0.300904
9.17276e+06	0.300904
9.22571e+06	0.300904
9.27897e+06	0.300904
9.33254e+06	0.300904
9.38642e+06	0.300904
9.44061e+06	0.300904
9.49511e+06	0.300904
9.54993e+06	0.300904
9.60506e+06	0.300904
9.66051e+06	0.300904
9.71628e+06	0.300904
9.77237e+06	0.300904
9.82879e+06	0.300904
9.88553e+06	0.300904
9.9426e+06	0.300904
1e+07	0.300904
